208
2.8684018142495168e-05
3.146139537483743e-05
3.4507696725565506e-05
3.784896121473307e-05
4.1513749133336046e-05
4.5533386169518244e-05
4.994223117269838e-05
5.477796984439901e-05
6.008193686617313e-05
6.589946921809691e-05
7.228029370790672e-05
7.927895202328209e-05
8.69552669405151e-05
9.537485367460096e-05
0.00010460968074164204
0.00011473868512767664
0.00012583185624171332
0.00013718244721129807
0.0001495569117786094
0.00016304760787874787
0.0001777552245417802
0.00019378953339441868
0.00021127020795048192
0.00022888743651512563
0.0002474731413383987
0.00026756800904556376
0.0002892945839593558
0.00031118311130254507
0.00033385704827447547
0.0003581830910295736
0.0003831969101485815
0.0004089802778568659
0.0004364984770128331
0.0004643641332879784
0.00049395423541741
0.0005248426375880826
0.0005574743236755188
0.0005924709116483993
0.0006298187909776877
0.0006703927848449767
0.0007137656985500529
0.0007600920702055211
0.0008090871554418496
0.0008602891070957795
0.0009132098440187258
0.0009669724141915978
0.0010203107617014805
0.0010715584738174124
0.0011186657944273288
0.001159923991292782
0.001196041061834602
0.0012283855857667155
0.0012574769182391503
0.001284721701385607
0.0013115377290949305
0.0013393375835313713
0.001370371742332013
0.0014062951409986597
0.001449186732477247
0.0014976369106494375
0.0015503598745145299
0.001608235073331539
0.0016713774476843355
0.0017405060256961028
0.0018164079342310453
0.0018996273930565087
0.001991077998547707
0.0020917861968652264
0.0022029075158744604
0.0023257451564725243
0.0024617713211584143
0.0026131379233413415
0.002781535816309629
0.0029741435515277972
0.0032158466716064615
0.0035193328172488238
0.003898468025813514
0.004368530546744391
0.004950368516016938
0.005668696281146191
0.006551002062208858
0.007624051712135561
0.008904576537945725
0.010378911438676763
0.0119667076419231
0.013464520774638219
0.014513141010709685
0.01534442148393051
0.01618397780078714
0.01702316851580719
0.017851782258675328
0.018657864016901546
0.019427732252129064
0.020146287363235874
0.020797019550762623
0.021362686931107377
0.021825644869522005
0.022168880559449256
0.022376583922756998
0.022444942983275967
0.02247823483239809
0.022507985108510487
0.02253402023456933
0.022556161000194058
0.02257423678455253
0.022588071473086505
0.022597497879573093
0.022602346285395376
0.022584387009822304
0.022428218104690804
0.0221238835183945
0.02168725495553618
0.02113655675544877
0.020491125845625454
0.01977053668710895
0.01899360348664822
0.018177739359833318
0.01733855058577491
0.01648961322493604
0.015642351374171394
0.014806184397403192
0.013919524085918752
0.012567791470820003
0.010979036312207853
0.009423967516328237
0.00804277537639375
0.00687924011554737
0.0059258603986431764
0.005154944224617681
0.004534835044675467
0.004036390889220326
0.003635993378343259
0.003314316586578165
0.0030560189804190426
0.002850039435338656
0.002674836692499972
0.0025176658128512885
0.002376055878508815
0.002248405811327221
0.002132887143887615
0.0020282119561230634
0.0019332292634593959
0.0018469091851180438
0.0017683289175792136
0.0016966602932564066
0.001631158730061126
0.001571395026672453
0.001516788169292897
0.001466735107411854
0.001421578778767236
0.0013830755306321971
0.0013504990766433867
0.001321721273784372
0.0012946027078077763
0.0012676113784632135
0.0012391688178499383
0.0012082907755898225
0.0011740772085733105
0.0011356808062452295
0.0010904756084252568
0.0010405109839413105
0.0009877999498049297
0.0009340355652691813
0.0008805841621097869
0.000828469713841135
0.0007783103839843227
0.000730779389691265
0.0006861719388092231
0.0006444410555870832
0.0006058563313799322
0.0005700160520048323
0.0005366445492367743
0.0005050160945635764
0.000475204055004341
0.0004463087084976307
0.0004190485312030842
0.0003924696684203492
0.00036710016623932334
0.0003431931056322951
0.00031925862508311005
0.0002969933486926283
0.00027628086522235926
0.00025506237542611854
0.00023542843812849348
0.00021730586248568836
0.00020057830840672613
0.0001839475680937378
0.00016854978979309785
0.0001544409199518291
0.0001415130673544375
0.0001296673720818766
0.00011881324952491961
0.00010849654629890283
9.886204591778084e-05
9.00830897983018e-05
8.208370555427959e-05
7.479466715237053e-05
6.815289583551233e-05
6.210091424438696e-05
5.658634901290549e-05
5.1561477533320764e-05
4.6982814968548794e-05
4.281073793787185e-05
3.900914161938699e-05
3.5545127301700146e-05
3.238871768113532e-05
2.9512597440556115e-05
2.6891876864758176e-05
