2018-12-21 10:14:00	79	2
-0.000	16.695
-5.000	16.693
-10.000	16.687
-15.000	16.681
-20.000	16.677
-25.000	16.674
-30.000	16.673
-35.000	16.671
-40.000	16.654
-45.000	16.623
-50.000	16.589
-55.000	16.458
-60.000	16.064
-65.000	15.577
-70.000	15.249
-75.000	15.085
-80.000	15.012
-85.000	14.962
-90.000	14.943
-95.000	14.900
-100.000	14.800
-125.000	14.724
-150.000	14.580
-175.000	14.553
-200.000	14.665
-225.000	14.671
-250.000	14.646
-275.000	14.585
-300.000	14.531
-325.000	14.510
-350.000	14.484
-375.000	14.458
-400.000	14.419
-425.000	14.387
-450.000	14.350
-475.000	14.310
-500.000	14.253
-550.000	14.160
-600.000	14.063
-650.000	13.977
-700.000	13.896
-750.000	13.775
-800.000	13.743
-850.000	13.690
-900.000	13.688
-950.000	13.508
-1000.000	13.516
-1050.000	13.523
-1100.000	13.530
-1150.000	13.500
-1200.000	13.446
-1250.000	13.402
-1300.000	13.409
-1350.000	13.417
-1400.000	13.425
-1450.000	13.426
-1500.000	13.411
-1550.000	13.391
-1600.000	13.397
-1650.000	13.394
-1700.000	13.377
-1750.000	13.369
-1800.000	13.374
-1850.000	13.369
-1900.000	13.369
-1950.000	13.365
-2000.000	13.366
-2100.000	13.366
-2200.000	13.366
-2300.000	13.366
-2400.000	13.366
-2500.000	13.366
-2600.000	13.366
-2700.000	13.366
-2800.000	13.366
-2900.000	13.366
-3000.000	13.366
-3100.000	13.366
-12000.000	13.366
2018-12-28 10:16:00	79	2
-0.000	16.336
-5.000	16.326
-10.000	16.315
-15.000	16.308
-20.000	16.306
-25.000	16.304
-30.000	16.303
-35.000	16.301
-40.000	16.300
-45.000	16.302
-50.000	16.302
-55.000	16.302
-60.000	16.304
-65.000	16.302
-70.000	16.166
-75.000	15.728
-80.000	15.309
-85.000	15.130
-90.000	14.990
-95.000	14.878
-100.000	14.777
-125.000	14.607
-150.000	14.706
-175.000	14.684
-200.000	14.659
-225.000	14.686
-250.000	14.657
-275.000	14.605
-300.000	14.593
-325.000	14.546
-350.000	14.515
-375.000	14.499
-400.000	14.463
-425.000	14.405
-450.000	14.363
-475.000	14.306
-500.000	14.262
-550.000	14.186
-600.000	14.071
-650.000	13.993
-700.000	13.903
-750.000	13.865
-800.000	13.774
-850.000	13.687
-900.000	13.687
-950.000	13.510
-1000.000	13.517
-1050.000	13.524
-1100.000	13.531
-1150.000	13.474
-1200.000	13.419
-1250.000	13.406
-1300.000	13.413
-1350.000	13.419
-1400.000	13.426
-1450.000	13.415
-1500.000	13.391
-1550.000	13.390
-1600.000	13.397
-1650.000	13.398
-1700.000	13.384
-1750.000	13.379
-1800.000	13.376
-1850.000	13.377
-1900.000	13.373
-1950.000	13.370
-2000.000	13.370
-2100.000	13.370
-2200.000	13.370
-2300.000	13.370
-2400.000	13.370
-2500.000	13.370
-2600.000	13.370
-2700.000	13.370
-2800.000	13.370
-2900.000	13.370
-3000.000	13.370
-3100.000	13.370
-12000.000	13.370
2019-01-04 10:13:00	79	2
-0.000	15.590
-5.000	15.596
-10.000	15.598
-15.000	15.599
-20.000	15.599
-25.000	15.598
-30.000	15.596
-35.000	15.577
-40.000	15.526
-45.000	15.481
-50.000	15.469
-55.000	15.464
-60.000	15.460
-65.000	15.460
-70.000	15.451
-75.000	15.330
-80.000	15.074
-85.000	14.928
-90.000	14.887
-95.000	14.826
-100.000	14.746
-125.000	14.751
-150.000	14.539
-175.000	14.650
-200.000	14.701
-225.000	14.689
-250.000	14.613
-275.000	14.569
-300.000	14.453
-325.000	14.438
-350.000	14.463
-375.000	14.465
-400.000	14.424
-425.000	14.392
-450.000	14.386
-475.000	14.341
-500.000	14.275
-550.000	14.176
-600.000	14.089
-650.000	14.009
-700.000	13.912
-750.000	13.795
-800.000	13.773
-850.000	13.688
-900.000	13.691
-950.000	13.512
-1000.000	13.514
-1050.000	13.521
-1100.000	13.530
-1150.000	13.499
-1200.000	13.436
-1250.000	13.408
-1300.000	13.409
-1350.000	13.416
-1400.000	13.425
-1450.000	13.433
-1500.000	13.412
-1550.000	13.393
-1600.000	13.398
-1650.000	13.404
-1700.000	13.393
-1750.000	13.385
-1800.000	13.376
-1850.000	13.379
-1900.000	13.376
-1950.000	13.370
-2000.000	13.370
-2100.000	13.370
-2200.000	13.370
-2300.000	13.370
-2400.000	13.370
-2500.000	13.370
-2600.000	13.370
-2700.000	13.370
-2800.000	13.370
-2900.000	13.370
-3000.000	13.370
-3100.000	13.370
-12000.000	13.370
2019-01-11 10:15:00	79	2
-0.000	15.080
-5.000	15.078
-10.000	15.077
-15.000	15.077
-20.000	15.077
-25.000	15.077
-30.000	15.078
-35.000	15.079
-40.000	15.080
-45.000	15.079
-50.000	15.080
-55.000	15.106
-60.000	15.147
-65.000	15.157
-70.000	15.152
-75.000	15.141
-80.000	15.124
-85.000	15.074
-90.000	14.956
-95.000	14.861
-100.000	14.828
-125.000	14.709
-150.000	14.668
-175.000	14.692
-200.000	14.674
-225.000	14.660
-250.000	14.582
-275.000	14.536
-300.000	14.456
-325.000	14.461
-350.000	14.453
-375.000	14.456
-400.000	14.457
-425.000	14.425
-450.000	14.395
-475.000	14.347
-500.000	14.295
-550.000	14.179
-600.000	14.080
-650.000	13.983
-700.000	13.908
-750.000	13.767
-800.000	13.680
-850.000	13.685
-900.000	13.691
-950.000	13.515
-1000.000	13.516
-1050.000	13.523
-1100.000	13.531
-1150.000	13.538
-1200.000	13.501
-1250.000	13.443
-1300.000	13.414
-1350.000	13.420
-1400.000	13.427
-1450.000	13.430
-1500.000	13.420
-1550.000	13.408
-1600.000	13.398
-1650.000	13.405
-1700.000	13.400
-1750.000	13.389
-1800.000	13.379
-1850.000	13.380
-1900.000	13.376
-1950.000	13.374
-2000.000	13.370
-2100.000	13.370
-2200.000	13.370
-2300.000	13.370
-2400.000	13.370
-2500.000	13.370
-2600.000	13.370
-2700.000	13.370
-2800.000	13.370
-2900.000	13.370
-3000.000	13.370
-3100.000	13.370
-12000.000	13.370
2019-01-18 10:21:00	79	2
-0.000	14.770
-5.000	14.769
-10.000	14.760
-15.000	14.751
-20.000	14.746
-25.000	14.742
-30.000	14.737
-35.000	14.729
-40.000	14.721
-45.000	14.728
-50.000	14.747
-55.000	14.791
-60.000	14.846
-65.000	14.832
-70.000	14.791
-75.000	14.778
-80.000	14.750
-85.000	14.758
-90.000	14.843
-95.000	14.842
-100.000	14.780
-125.000	14.702
-150.000	14.764
-175.000	14.691
-200.000	14.604
-225.000	14.609
-250.000	14.582
-275.000	14.500
-300.000	14.527
-325.000	14.501
-350.000	14.534
-375.000	14.478
-400.000	14.438
-425.000	14.443
-450.000	14.407
-475.000	14.366
-500.000	14.309
-550.000	14.183
-600.000	14.104
-650.000	13.953
-700.000	13.899
-750.000	13.766
-800.000	13.717
-850.000	13.684
-900.000	13.690
-950.000	13.579
-1000.000	13.516
-1050.000	13.523
-1100.000	13.530
-1150.000	13.537
-1200.000	13.454
-1250.000	13.413
-1300.000	13.413
-1350.000	13.420
-1400.000	13.429
-1450.000	13.426
-1500.000	13.400
-1550.000	13.391
-1600.000	13.397
-1650.000	13.392
-1700.000	13.381
-1750.000	13.373
-1800.000	13.374
-1850.000	13.368
-1900.000	13.364
-1950.000	13.366
-2000.000	13.364
-2100.000	13.364
-2200.000	13.364
-2300.000	13.364
-2400.000	13.364
-2500.000	13.364
-2600.000	13.364
-2700.000	13.364
-2800.000	13.364
-2900.000	13.364
-3000.000	13.364
-3100.000	13.364
-12000.000	13.364
2019-01-25 10:12:00	79	2
-0.000	14.503
-5.000	14.512
-10.000	14.520
-15.000	14.526
-20.000	14.527
-25.000	14.526
-30.000	14.527
-35.000	14.528
-40.000	14.527
-45.000	14.529
-50.000	14.531
-55.000	14.535
-60.000	14.540
-65.000	14.547
-70.000	14.555
-75.000	14.560
-80.000	14.610
-85.000	14.796
-90.000	14.905
-95.000	14.818
-100.000	14.706
-125.000	14.596
-150.000	14.641
-175.000	14.732
-200.000	14.721
-225.000	14.683
-250.000	14.623
-275.000	14.577
-300.000	14.525
-325.000	14.510
-350.000	14.476
-375.000	14.439
-400.000	14.411
-425.000	14.437
-450.000	14.408
-475.000	14.333
-500.000	14.286
-550.000	14.183
-600.000	14.069
-650.000	13.981
-700.000	13.880
-750.000	13.766
-800.000	13.712
-850.000	13.685
-900.000	13.647
-950.000	13.508
-1000.000	13.516
-1050.000	13.523
-1100.000	13.530
-1150.000	13.468
-1200.000	13.404
-1250.000	13.406
-1300.000	13.413
-1350.000	13.419
-1400.000	13.422
-1450.000	13.409
-1500.000	13.385
-1550.000	13.390
-1600.000	13.397
-1650.000	13.392
-1700.000	13.385
-1750.000	13.376
-1800.000	13.376
-1850.000	13.369
-1900.000	13.365
-1950.000	13.364
-2000.000	13.366
-2100.000	13.366
-2200.000	13.366
-2300.000	13.366
-2400.000	13.366
-2500.000	13.366
-2600.000	13.366
-2700.000	13.366
-2800.000	13.366
-2900.000	13.366
-3000.000	13.366
-3100.000	13.366
-12000.000	13.366
2019-02-01 10:15:00	79	2
-0.000	14.301
-5.000	14.311
-10.000	14.312
-15.000	14.305
-20.000	14.295
-25.000	14.284
-30.000	14.280
-35.000	14.281
-40.000	14.272
-45.000	14.237
-50.000	14.205
-55.000	14.195
-60.000	14.193
-65.000	14.204
-70.000	14.248
-75.000	14.296
-80.000	14.418
-85.000	14.580
-90.000	14.638
-95.000	14.625
-100.000	14.618
-125.000	14.597
-150.000	14.633
-175.000	14.648
-200.000	14.692
-225.000	14.659
-250.000	14.624
-275.000	14.580
-300.000	14.542
-325.000	14.514
-350.000	14.492
-375.000	14.457
-400.000	14.438
-425.000	14.408
-450.000	14.369
-475.000	14.255
-500.000	14.178
-550.000	14.069
-600.000	13.971
-650.000	13.894
-700.000	13.760
-750.000	13.754
-800.000	13.676
-850.000	13.675
-900.000	13.501
-950.000	13.508
-1000.000	13.516
-1050.000	13.523
-1100.000	13.530
-1150.000	13.493
-1200.000	13.408
-1250.000	13.407
-1300.000	13.413
-1350.000	13.420
-1400.000	13.426
-1450.000	13.393
-1500.000	13.384
-1550.000	13.391
-1600.000	13.398
-1650.000	13.383
-1700.000	13.373
-1750.000	13.373
-1800.000	13.372
-1850.000	13.366
-1900.000	13.365
-1950.000	13.361
-2000.000	13.360
-2100.000	13.360
-2200.000	13.360
-2300.000	13.360
-2400.000	13.360
-2500.000	13.360
-2600.000	13.360
-2700.000	13.360
-2800.000	13.360
-2900.000	13.360
-3000.000	13.360
-3100.000	13.360
-12000.000	13.360
2019-02-08 10:15:00	79	2
-0.000	14.289
-5.000	14.265
-10.000	14.234
-15.000	14.222
-20.000	14.218
-25.000	14.214
-30.000	14.203
-35.000	14.196
-40.000	14.198
-45.000	14.200
-50.000	14.201
-55.000	14.204
-60.000	14.209
-65.000	14.215
-70.000	14.218
-75.000	14.217
-80.000	14.205
-85.000	14.229
-90.000	14.350
-95.000	14.433
-100.000	14.458
-125.000	14.695
-150.000	14.620
-175.000	14.773
-200.000	14.620
-225.000	14.633
-250.000	14.643
-275.000	14.602
-300.000	14.558
-325.000	14.532
-350.000	14.500
-375.000	14.448
-400.000	14.410
-425.000	14.378
-450.000	14.260
-475.000	14.196
-500.000	14.171
-550.000	14.156
-600.000	13.908
-650.000	13.816
-700.000	13.754
-750.000	13.670
-800.000	13.681
-850.000	13.581
-900.000	13.501
-950.000	13.508
-1000.000	13.515
-1050.000	13.521
-1100.000	13.471
-1150.000	13.423
-1200.000	13.396
-1250.000	13.404
-1300.000	13.411
-1350.000	13.417
-1400.000	13.418
-1450.000	13.400
-1500.000	13.388
-1550.000	13.391
-1600.000	13.391
-1650.000	13.378
-1700.000	13.365
-1750.000	13.367
-1800.000	13.364
-1850.000	13.358
-1900.000	13.355
-1950.000	13.355
-2000.000	13.354
-2100.000	13.354
-2200.000	13.354
-2300.000	13.354
-2400.000	13.354
-2500.000	13.354
-2600.000	13.354
-2700.000	13.354
-2800.000	13.354
-2900.000	13.354
-3000.000	13.354
-3100.000	13.354
-12000.000	13.354
2019-02-15 10:13:00	79	2
-0.000	14.123
-5.000	14.073
-10.000	14.063
-15.000	14.071
-20.000	14.074
-25.000	14.073
-30.000	14.071
-35.000	14.070
-40.000	14.069
-45.000	14.069
-50.000	14.070
-55.000	14.071
-60.000	14.072
-65.000	14.073
-70.000	14.073
-75.000	14.074
-80.000	14.076
-85.000	14.078
-90.000	14.084
-95.000	14.145
-100.000	14.339
-125.000	14.537
-150.000	14.648
-175.000	14.691
-200.000	14.677
-225.000	14.566
-250.000	14.597
-275.000	14.544
-300.000	14.520
-325.000	14.502
-350.000	14.467
-375.000	14.443
-400.000	14.409
-425.000	14.384
-450.000	14.367
-475.000	14.275
-500.000	14.192
-550.000	14.068
-600.000	13.931
-650.000	13.897
-700.000	13.760
-750.000	13.741
-800.000	13.681
-850.000	13.689
-900.000	13.623
-950.000	13.509
-1000.000	13.516
-1050.000	13.524
-1100.000	13.531
-1150.000	13.476
-1200.000	13.421
-1250.000	13.405
-1300.000	13.412
-1350.000	13.418
-1400.000	13.423
-1450.000	13.400
-1500.000	13.389
-1550.000	13.391
-1600.000	13.398
-1650.000	13.386
-1700.000	13.371
-1750.000	13.370
-1800.000	13.366
-1850.000	13.362
-1900.000	13.359
-1950.000	13.364
-2000.000	13.365
-2100.000	13.365
-2200.000	13.365
-2300.000	13.365
-2400.000	13.365
-2500.000	13.365
-2600.000	13.365
-2700.000	13.365
-2800.000	13.365
-2900.000	13.365
-3000.000	13.365
-3100.000	13.365
-12000.000	13.365
2019-02-22 10:17:00	79	2
-0.000	14.138
-5.000	14.128
-10.000	14.116
-15.000	14.111
-20.000	14.110
-25.000	14.109
-30.000	14.108
-35.000	14.107
-40.000	14.105
-45.000	14.104
-50.000	14.103
-55.000	14.105
-60.000	14.112
-65.000	14.117
-70.000	14.123
-75.000	14.112
-80.000	14.093
-85.000	14.124
-90.000	14.238
-95.000	14.357
-100.000	14.434
-125.000	14.622
-150.000	14.615
-175.000	14.684
-200.000	14.692
-225.000	14.662
-250.000	14.626
-275.000	14.591
-300.000	14.548
-325.000	14.520
-350.000	14.479
-375.000	14.432
-400.000	14.396
-425.000	14.361
-450.000	14.329
-475.000	14.311
-500.000	14.318
-550.000	14.251
-600.000	14.181
-650.000	14.129
-700.000	14.020
-750.000	13.919
-800.000	13.832
-850.000	13.708
-900.000	13.712
-950.000	13.510
-1000.000	13.517
-1050.000	13.524
-1100.000	13.531
-1150.000	13.538
-1200.000	13.482
-1250.000	13.419
-1300.000	13.414
-1350.000	13.421
-1400.000	13.428
-1450.000	13.433
-1500.000	13.416
-1550.000	13.394
-1600.000	13.398
-1650.000	13.404
-1700.000	13.397
-1750.000	13.384
-1800.000	13.378
-1850.000	13.377
-1900.000	13.371
-1950.000	13.365
-2000.000	13.368
-2100.000	13.368
-2200.000	13.368
-2300.000	13.368
-2400.000	13.368
-2500.000	13.368
-2600.000	13.368
-2700.000	13.368
-2800.000	13.368
-2900.000	13.368
-3000.000	13.368
-3100.000	13.368
-12000.000	13.368
2019-03-01 10:20:00	79	2
-0.000	14.078
-5.000	14.057
-10.000	14.023
-15.000	13.993
-20.000	13.975
-25.000	13.956
-30.000	13.937
-35.000	13.913
-40.000	13.898
-45.000	13.898
-50.000	13.897
-55.000	13.893
-60.000	13.890
-65.000	13.896
-70.000	13.901
-75.000	13.901
-80.000	13.891
-85.000	13.885
-90.000	13.898
-95.000	13.916
-100.000	13.910
-125.000	13.909
-150.000	14.414
-175.000	14.486
-200.000	14.549
-225.000	14.694
-250.000	14.716
-275.000	14.644
-300.000	14.605
-325.000	14.590
-350.000	14.519
-375.000	14.477
-400.000	14.441
-425.000	14.397
-450.000	14.372
-475.000	14.350
-500.000	14.315
-550.000	14.234
-600.000	14.166
-650.000	14.085
-700.000	14.024
-750.000	14.017
-800.000	13.849
-850.000	13.726
-900.000	13.727
-950.000	13.512
-1000.000	13.518
-1050.000	13.525
-1100.000	13.532
-1150.000	13.537
-1200.000	13.465
-1250.000	13.419
-1300.000	13.413
-1350.000	13.420
-1400.000	13.426
-1450.000	13.432
-1500.000	13.429
-1550.000	13.413
-1600.000	13.404
-1650.000	13.407
-1700.000	13.410
-1750.000	13.400
-1800.000	13.384
-1850.000	13.386
-1900.000	13.389
-1950.000	13.381
-2000.000	13.380
-2100.000	13.380
-2200.000	13.380
-2300.000	13.380
-2400.000	13.380
-2500.000	13.380
-2600.000	13.380
-2700.000	13.380
-2800.000	13.380
-2900.000	13.380
-3000.000	13.380
-3100.000	13.380
-12000.000	13.380
2019-03-08 10:09:00	79	2
-0.000	14.408
-5.000	14.325
-10.000	14.280
-15.000	14.272
-20.000	14.265
-25.000	14.247
-30.000	14.169
-35.000	14.104
-40.000	14.098
-45.000	14.095
-50.000	14.071
-55.000	14.031
-60.000	14.007
-65.000	14.001
-70.000	13.993
-75.000	14.001
-80.000	14.010
-85.000	14.037
-90.000	14.108
-95.000	14.184
-100.000	14.233
-125.000	13.888
-150.000	14.249
-175.000	14.406
-200.000	14.461
-225.000	14.628
-250.000	14.561
-275.000	14.625
-300.000	14.635
-325.000	14.649
-350.000	14.622
-375.000	14.583
-400.000	14.558
-425.000	14.527
-450.000	14.483
-475.000	14.453
-500.000	14.378
-550.000	14.321
-600.000	14.206
-650.000	14.131
-700.000	14.070
-750.000	14.038
-800.000	13.904
-850.000	13.743
-900.000	13.711
-950.000	13.603
-1000.000	13.515
-1050.000	13.523
-1100.000	13.530
-1150.000	13.538
-1200.000	13.497
-1250.000	13.431
-1300.000	13.414
-1350.000	13.423
-1400.000	13.428
-1450.000	13.437
-1500.000	13.439
-1550.000	13.416
-1600.000	13.406
-1650.000	13.411
-1700.000	13.420
-1750.000	13.400
-1800.000	13.388
-1850.000	13.386
-1900.000	13.390
-1950.000	13.386
-2000.000	13.383
-2100.000	13.383
-2200.000	13.383
-2300.000	13.383
-2400.000	13.383
-2500.000	13.383
-2600.000	13.383
-2700.000	13.383
-2800.000	13.383
-2900.000	13.383
-3000.000	13.383
-3100.000	13.383
-12000.000	13.383
2019-03-15 10:15:00	79	2
-0.000	14.080
-5.000	14.072
-10.000	14.060
-15.000	14.051
-20.000	14.051
-25.000	14.052
-30.000	14.052
-35.000	14.051
-40.000	14.050
-45.000	14.048
-50.000	14.046
-55.000	14.045
-60.000	14.045
-65.000	14.045
-70.000	14.045
-75.000	14.046
-80.000	14.047
-85.000	14.047
-90.000	14.046
-95.000	14.042
-100.000	14.039
-125.000	13.857
-150.000	13.938
-175.000	14.403
-200.000	14.509
-225.000	14.575
-250.000	14.669
-275.000	14.678
-300.000	14.671
-325.000	14.585
-350.000	14.603
-375.000	14.587
-400.000	14.541
-425.000	14.517
-450.000	14.485
-475.000	14.454
-500.000	14.441
-550.000	14.377
-600.000	14.324
-650.000	14.208
-700.000	14.162
-750.000	14.121
-800.000	14.040
-850.000	13.842
-900.000	13.731
-950.000	13.741
-1000.000	13.547
-1050.000	13.530
-1100.000	13.542
-1150.000	13.551
-1200.000	13.557
-1250.000	13.499
-1300.000	13.432
-1350.000	13.420
-1400.000	13.427
-1450.000	13.436
-1500.000	13.436
-1550.000	13.408
-1600.000	13.400
-1650.000	13.404
-1700.000	13.399
-1750.000	13.383
-1800.000	13.378
-1850.000	13.380
-1900.000	13.378
-1950.000	13.379
-2000.000	13.380
-2100.000	13.380
-2200.000	13.380
-2300.000	13.380
-2400.000	13.380
-2500.000	13.380
-2600.000	13.380
-2700.000	13.380
-2800.000	13.380
-2900.000	13.380
-3000.000	13.380
-3100.000	13.380
-12000.000	13.380
2019-03-22 10:17:00	79	2
-0.000	14.500
-5.000	14.475
-10.000	14.436
-15.000	14.425
-20.000	14.407
-25.000	14.378
-30.000	14.313
-35.000	14.255
-40.000	14.245
-45.000	14.170
-50.000	14.090
-55.000	14.080
-60.000	14.087
-65.000	14.099
-70.000	14.110
-75.000	14.117
-80.000	14.120
-85.000	14.113
-90.000	14.105
-95.000	14.099
-100.000	14.098
-125.000	14.127
-150.000	14.345
-175.000	14.624
-200.000	14.614
-225.000	14.639
-250.000	14.572
-275.000	14.557
-300.000	14.564
-325.000	14.550
-350.000	14.507
-375.000	14.482
-400.000	14.506
-425.000	14.472
-450.000	14.448
-475.000	14.419
-500.000	14.387
-550.000	14.324
-600.000	14.233
-650.000	14.155
-700.000	14.091
-750.000	14.028
-800.000	13.854
-850.000	13.743
-900.000	13.716
-950.000	13.625
-1000.000	13.526
-1050.000	13.535
-1100.000	13.543
-1150.000	13.536
-1200.000	13.464
-1250.000	13.419
-1300.000	13.418
-1350.000	13.425
-1400.000	13.432
-1450.000	13.440
-1500.000	13.436
-1550.000	13.406
-1600.000	13.403
-1650.000	13.401
-1700.000	13.393
-1750.000	13.382
-1800.000	13.382
-1850.000	13.384
-1900.000	13.377
-1950.000	13.373
-2000.000	13.373
-2100.000	13.373
-2200.000	13.373
-2300.000	13.373
-2400.000	13.373
-2500.000	13.373
-2600.000	13.373
-2700.000	13.373
-2800.000	13.373
-2900.000	13.373
-3000.000	13.373
-3100.000	13.373
-12000.000	13.373
2019-03-29 10:14:00	79	2
-0.000	14.544
-5.000	14.522
-10.000	14.491
-15.000	14.467
-20.000	14.456
-25.000	14.446
-30.000	14.433
-35.000	14.413
-40.000	14.329
-45.000	14.185
-50.000	14.093
-55.000	14.068
-60.000	14.062
-65.000	14.062
-70.000	14.060
-75.000	14.057
-80.000	14.054
-85.000	14.052
-90.000	14.045
-95.000	14.040
-100.000	14.034
-125.000	14.058
-150.000	14.133
-175.000	14.211
-200.000	14.372
-225.000	14.495
-250.000	14.563
-275.000	14.601
-300.000	14.678
-325.000	14.622
-350.000	14.624
-375.000	14.632
-400.000	14.577
-425.000	14.507
-450.000	14.472
-475.000	14.418
-500.000	14.412
-550.000	14.418
-600.000	14.355
-650.000	14.325
-700.000	14.247
-750.000	14.155
-800.000	14.051
-850.000	13.940
-900.000	13.853
-950.000	13.743
-1000.000	13.591
-1050.000	13.537
-1100.000	13.544
-1150.000	13.551
-1200.000	13.546
-1250.000	13.464
-1300.000	13.422
-1350.000	13.427
-1400.000	13.430
-1450.000	13.431
-1500.000	13.429
-1550.000	13.432
-1600.000	13.415
-1650.000	13.415
-1700.000	13.416
-1750.000	13.405
-1800.000	13.404
-1850.000	13.395
-1900.000	13.394
-1950.000	13.395
-2000.000	13.389
-2100.000	13.389
-2200.000	13.389
-2300.000	13.389
-2400.000	13.389
-2500.000	13.389
-2600.000	13.389
-2700.000	13.389
-2800.000	13.389
-2900.000	13.389
-3000.000	13.389
-3100.000	13.389
-12000.000	13.389
2019-04-05 10:12:00	79	2
-0.000	14.769
-5.000	14.689
-10.000	14.626
-15.000	14.611
-20.000	14.605
-25.000	14.602
-30.000	14.595
-35.000	14.576
-40.000	14.540
-45.000	14.474
-50.000	14.349
-55.000	14.198
-60.000	14.105
-65.000	14.067
-70.000	14.060
-75.000	14.055
-80.000	14.033
-85.000	14.025
-90.000	14.039
-95.000	14.043
-100.000	14.039
-125.000	14.055
-150.000	14.055
-175.000	14.081
-200.000	14.351
-225.000	14.560
-250.000	14.631
-275.000	14.664
-300.000	14.617
-325.000	14.585
-350.000	14.572
-375.000	14.565
-400.000	14.555
-425.000	14.545
-450.000	14.527
-475.000	14.505
-500.000	14.480
-550.000	14.402
-600.000	14.379
-650.000	14.307
-700.000	14.272
-750.000	14.180
-800.000	14.099
-850.000	13.938
-900.000	13.814
-950.000	13.759
-1000.000	13.732
-1050.000	13.537
-1100.000	13.541
-1150.000	13.548
-1200.000	13.554
-1250.000	13.538
-1300.000	13.473
-1350.000	13.430
-1400.000	13.429
-1450.000	13.435
-1500.000	13.425
-1550.000	13.413
-1600.000	13.403
-1650.000	13.405
-1700.000	13.407
-1750.000	13.400
-1800.000	13.394
-1850.000	13.391
-1900.000	13.391
-1950.000	13.388
-2000.000	13.387
-2100.000	13.387
-2200.000	13.387
-2300.000	13.387
-2400.000	13.387
-2500.000	13.387
-2600.000	13.387
-2700.000	13.387
-2800.000	13.387
-2900.000	13.387
-3000.000	13.387
-3100.000	13.387
-12000.000	13.387
2019-04-12 10:15:00	79	2
-0.000	15.065
-5.000	15.037
-10.000	15.010
-15.000	15.001
-20.000	14.994
-25.000	14.915
-30.000	14.714
-35.000	14.549
-40.000	14.416
-45.000	14.280
-50.000	14.177
-55.000	14.122
-60.000	14.100
-65.000	14.088
-70.000	14.080
-75.000	14.069
-80.000	14.056
-85.000	14.046
-90.000	14.035
-95.000	14.030
-100.000	14.031
-125.000	14.003
-150.000	14.026
-175.000	14.074
-200.000	14.194
-225.000	14.372
-250.000	14.539
-275.000	14.595
-300.000	14.627
-325.000	14.637
-350.000	14.660
-375.000	14.674
-400.000	14.624
-425.000	14.585
-450.000	14.551
-475.000	14.524
-500.000	14.493
-550.000	14.439
-600.000	14.341
-650.000	14.271
-700.000	14.187
-750.000	14.099
-800.000	13.984
-850.000	13.942
-900.000	13.872
-950.000	13.756
-1000.000	13.763
-1050.000	13.617
-1100.000	13.541
-1150.000	13.549
-1200.000	13.556
-1250.000	13.559
-1300.000	13.510
-1350.000	13.472
-1400.000	13.426
-1450.000	13.433
-1500.000	13.440
-1550.000	13.446
-1600.000	13.438
-1650.000	13.428
-1700.000	13.418
-1750.000	13.422
-1800.000	13.420
-1850.000	13.414
-1900.000	13.412
-1950.000	13.408
-2000.000	13.408
-2100.000	13.408
-2200.000	13.408
-2300.000	13.408
-2400.000	13.408
-2500.000	13.408
-2600.000	13.408
-2700.000	13.408
-2800.000	13.408
-2900.000	13.408
-3000.000	13.408
-3100.000	13.408
-12000.000	13.408
2019-04-19 10:19:00	79	2
-0.000	16.022
-5.000	15.869
-10.000	15.578
-15.000	15.313
-20.000	15.103
-25.000	14.939
-30.000	14.775
-35.000	14.596
-40.000	14.521
-45.000	14.423
-50.000	14.279
-55.000	14.175
-60.000	14.116
-65.000	14.075
-70.000	14.054
-75.000	14.049
-80.000	14.048
-85.000	14.054
-90.000	14.051
-95.000	14.036
-100.000	14.025
-125.000	14.000
-150.000	14.076
-175.000	14.307
-200.000	14.495
-225.000	14.593
-250.000	14.628
-275.000	14.627
-300.000	14.626
-325.000	14.609
-350.000	14.603
-375.000	14.571
-400.000	14.531
-425.000	14.503
-450.000	14.493
-475.000	14.460
-500.000	14.436
-550.000	14.382
-600.000	14.270
-650.000	14.191
-700.000	14.124
-750.000	14.035
-800.000	13.891
-850.000	13.798
-900.000	13.757
-950.000	13.742
-1000.000	13.660
-1050.000	13.534
-1100.000	13.540
-1150.000	13.547
-1200.000	13.533
-1250.000	13.473
-1300.000	13.429
-1350.000	13.424
-1400.000	13.430
-1450.000	13.435
-1500.000	13.428
-1550.000	13.415
-1600.000	13.410
-1650.000	13.409
-1700.000	13.409
-1750.000	13.399
-1800.000	13.394
-1850.000	13.389
-1900.000	13.388
-1950.000	13.379
-2000.000	13.377
-2100.000	13.377
-2200.000	13.377
-2300.000	13.377
-2400.000	13.377
-2500.000	13.377
-2600.000	13.377
-2700.000	13.377
-2800.000	13.377
-2900.000	13.377
-3000.000	13.377
-3100.000	13.377
-12000.000	13.377
2019-04-26 10:21:00	79	2
-0.000	17.317
-5.000	16.762
-10.000	15.991
-15.000	15.641
-20.000	15.554
-25.000	15.515
-30.000	15.404
-35.000	15.030
-40.000	14.619
-45.000	14.463
-50.000	14.386
-55.000	14.310
-60.000	14.228
-65.000	14.174
-70.000	14.136
-75.000	14.113
-80.000	14.108
-85.000	14.086
-90.000	14.065
-95.000	14.042
-100.000	14.026
-125.000	14.037
-150.000	14.068
-175.000	14.399
-200.000	14.657
-225.000	14.563
-250.000	14.609
-275.000	14.633
-300.000	14.615
-325.000	14.599
-350.000	14.588
-375.000	14.541
-400.000	14.518
-425.000	14.500
-450.000	14.471
-475.000	14.421
-500.000	14.397
-550.000	14.318
-600.000	14.246
-650.000	14.148
-700.000	14.103
-750.000	14.011
-800.000	13.861
-850.000	13.786
-900.000	13.724
-950.000	13.718
-1000.000	13.528
-1050.000	13.536
-1100.000	13.544
-1150.000	13.552
-1200.000	13.519
-1250.000	13.472
-1300.000	13.428
-1350.000	13.421
-1400.000	13.427
-1450.000	13.431
-1500.000	13.423
-1550.000	13.407
-1600.000	13.401
-1650.000	13.403
-1700.000	13.398
-1750.000	13.391
-1800.000	13.384
-1850.000	13.378
-1900.000	13.372
-1950.000	13.373
-2000.000	13.374
-2100.000	13.374
-2200.000	13.374
-2300.000	13.374
-2400.000	13.374
-2500.000	13.374
-2600.000	13.374
-2700.000	13.374
-2800.000	13.374
-2900.000	13.374
-3000.000	13.374
-3100.000	13.374
-12000.000	13.374
2019-05-03 10:09:00	79	2
-0.000	16.906
-5.000	16.855
-10.000	16.721
-15.000	16.519
-20.000	16.213
-25.000	15.713
-30.000	15.216
-35.000	14.878
-40.000	14.640
-45.000	14.450
-50.000	14.307
-55.000	14.211
-60.000	14.164
-65.000	14.131
-70.000	14.107
-75.000	14.084
-80.000	14.069
-85.000	14.056
-90.000	14.043
-95.000	14.041
-100.000	14.047
-125.000	14.035
-150.000	14.045
-175.000	14.199
-200.000	14.493
-225.000	14.631
-250.000	14.624
-275.000	14.585
-300.000	14.594
-325.000	14.559
-350.000	14.576
-375.000	14.533
-400.000	14.493
-425.000	14.463
-450.000	14.455
-475.000	14.406
-500.000	14.383
-550.000	14.320
-600.000	14.199
-650.000	14.102
-700.000	14.013
-750.000	13.972
-800.000	13.849
-850.000	13.764
-900.000	13.699
-950.000	13.634
-1000.000	13.528
-1050.000	13.533
-1100.000	13.541
-1150.000	13.549
-1200.000	13.546
-1250.000	13.465
-1300.000	13.428
-1350.000	13.422
-1400.000	13.426
-1450.000	13.421
-1500.000	13.412
-1550.000	13.409
-1600.000	13.404
-1650.000	13.405
-1700.000	13.409
-1750.000	13.395
-1800.000	13.387
-1850.000	13.386
-1900.000	13.375
-1950.000	13.376
-2000.000	13.376
-2100.000	13.376
-2200.000	13.376
-2300.000	13.376
-2400.000	13.376
-2500.000	13.376
-2600.000	13.376
-2700.000	13.376
-2800.000	13.376
-2900.000	13.376
-3000.000	13.376
-3100.000	13.376
-12000.000	13.376
2019-05-10 10:20:00	79	2
-0.000	16.393
-5.000	16.343
-10.000	16.289
-15.000	16.261
-20.000	16.234
-25.000	16.166
-30.000	15.925
-35.000	15.383
-40.000	14.834
-45.000	14.571
-50.000	14.418
-55.000	14.315
-60.000	14.254
-65.000	14.216
-70.000	14.191
-75.000	14.159
-80.000	14.134
-85.000	14.118
-90.000	14.100
-95.000	14.081
-100.000	14.060
-125.000	14.037
-150.000	14.065
-175.000	14.137
-200.000	14.445
-225.000	14.566
-250.000	14.628
-275.000	14.638
-300.000	14.619
-325.000	14.608
-350.000	14.585
-375.000	14.531
-400.000	14.476
-425.000	14.503
-450.000	14.486
-475.000	14.444
-500.000	14.431
-550.000	14.366
-600.000	14.266
-650.000	14.199
-700.000	14.030
-750.000	13.967
-800.000	13.912
-850.000	13.829
-900.000	13.745
-950.000	13.710
-1000.000	13.573
-1050.000	13.530
-1100.000	13.537
-1150.000	13.546
-1200.000	13.538
-1250.000	13.464
-1300.000	13.422
-1350.000	13.422
-1400.000	13.428
-1450.000	13.435
-1500.000	13.437
-1550.000	13.418
-1600.000	13.404
-1650.000	13.406
-1700.000	13.400
-1750.000	13.398
-1800.000	13.393
-1850.000	13.388
-1900.000	13.380
-1950.000	13.377
-2000.000	13.378
-2100.000	13.378
-2200.000	13.378
-2300.000	13.378
-2400.000	13.378
-2500.000	13.378
-2600.000	13.378
-2700.000	13.378
-2800.000	13.378
-2900.000	13.378
-3000.000	13.378
-3100.000	13.378
-12000.000	13.378
2019-05-17 10:19:00	79	2
-0.000	17.311
-5.000	17.190
-10.000	17.063
-15.000	16.920
-20.000	16.792
-25.000	16.667
-30.000	16.254
-35.000	15.600
-40.000	14.990
-45.000	14.573
-50.000	14.396
-55.000	14.298
-60.000	14.220
-65.000	14.167
-70.000	14.131
-75.000	14.102
-80.000	14.079
-85.000	14.065
-90.000	14.053
-95.000	14.038
-100.000	14.027
-125.000	14.023
-150.000	14.042
-175.000	14.084
-200.000	14.245
-225.000	14.447
-250.000	14.574
-275.000	14.625
-300.000	14.644
-325.000	14.628
-350.000	14.598
-375.000	14.574
-400.000	14.552
-425.000	14.526
-450.000	14.510
-475.000	14.487
-500.000	14.462
-550.000	14.411
-600.000	14.290
-650.000	14.238
-700.000	14.099
-750.000	14.024
-800.000	13.997
-850.000	13.899
-900.000	13.829
-950.000	13.738
-1000.000	13.711
-1050.000	13.538
-1100.000	13.545
-1150.000	13.553
-1200.000	13.559
-1250.000	13.565
-1300.000	13.508
-1350.000	13.448
-1400.000	13.437
-1450.000	13.443
-1500.000	13.451
-1550.000	13.458
-1600.000	13.460
-1650.000	13.444
-1700.000	13.422
-1750.000	13.413
-1800.000	13.399
-1850.000	13.400
-1900.000	13.393
-1950.000	13.391
-2000.000	13.391
-2100.000	13.391
-2200.000	13.391
-2300.000	13.391
-2400.000	13.391
-2500.000	13.391
-2600.000	13.391
-2700.000	13.391
-2800.000	13.391
-2900.000	13.391
-3000.000	13.391
-3100.000	13.391
-12000.000	13.391
2019-05-24 10:20:00	79	2
-0.000	18.214
-5.000	17.922
-10.000	17.656
-15.000	17.422
-20.000	17.232
-25.000	16.969
-30.000	16.190
-35.000	15.254
-40.000	14.690
-45.000	14.401
-50.000	14.281
-55.000	14.213
-60.000	14.155
-65.000	14.106
-70.000	14.075
-75.000	14.057
-80.000	14.046
-85.000	14.039
-90.000	14.032
-95.000	14.028
-100.000	14.028
-125.000	14.025
-150.000	14.068
-175.000	14.079
-200.000	14.359
-225.000	14.519
-250.000	14.615
-275.000	14.646
-300.000	14.635
-325.000	14.632
-350.000	14.598
-375.000	14.547
-400.000	14.529
-425.000	14.516
-450.000	14.500
-475.000	14.480
-500.000	14.449
-550.000	14.376
-600.000	14.291
-650.000	14.166
-700.000	14.122
-750.000	14.026
-800.000	13.924
-850.000	13.892
-900.000	13.792
-950.000	13.729
-1000.000	13.568
-1050.000	13.536
-1100.000	13.544
-1150.000	13.552
-1200.000	13.559
-1250.000	13.555
-1300.000	13.475
-1350.000	13.427
-1400.000	13.434
-1450.000	13.440
-1500.000	13.440
-1550.000	13.422
-1600.000	13.414
-1650.000	13.408
-1700.000	13.399
-1750.000	13.388
-1800.000	13.380
-1850.000	13.377
-1900.000	13.378
-1950.000	13.379
-2000.000	13.372
-2100.000	13.372
-2200.000	13.372
-2300.000	13.372
-2400.000	13.372
-2500.000	13.372
-2600.000	13.372
-2700.000	13.372
-2800.000	13.372
-2900.000	13.372
-3000.000	13.372
-3100.000	13.372
-12000.000	13.372
2019-05-31 10:21:00	79	2
-0.000	18.489
-5.000	18.300
-10.000	18.088
-15.000	17.845
-20.000	17.642
-25.000	17.494
-30.000	17.128
-35.000	16.183
-40.000	15.161
-45.000	14.703
-50.000	14.483
-55.000	14.324
-60.000	14.220
-65.000	14.170
-70.000	14.138
-75.000	14.110
-80.000	14.085
-85.000	14.067
-90.000	14.058
-95.000	14.051
-100.000	14.049
-125.000	14.052
-150.000	14.077
-175.000	14.223
-200.000	14.531
-225.000	14.598
-250.000	14.590
-275.000	14.587
-300.000	14.596
-325.000	14.579
-350.000	14.538
-375.000	14.521
-400.000	14.511
-425.000	14.495
-450.000	14.474
-475.000	14.448
-500.000	14.400
-550.000	14.338
-600.000	14.276
-650.000	14.157
-700.000	14.055
-750.000	13.972
-800.000	13.871
-850.000	13.820
-900.000	13.741
-950.000	13.691
-1000.000	13.558
-1050.000	13.535
-1100.000	13.542
-1150.000	13.550
-1200.000	13.558
-1250.000	13.533
-1300.000	13.432
-1350.000	13.427
-1400.000	13.435
-1450.000	13.441
-1500.000	13.449
-1550.000	13.440
-1600.000	13.423
-1650.000	13.411
-1700.000	13.412
-1750.000	13.405
-1800.000	13.402
-1850.000	13.403
-1900.000	13.401
-1950.000	13.398
-2000.000	13.398
-2100.000	13.398
-2200.000	13.398
-2300.000	13.398
-2400.000	13.398
-2500.000	13.398
-2600.000	13.398
-2700.000	13.398
-2800.000	13.398
-2900.000	13.398
-3000.000	13.398
-3100.000	13.398
-12000.000	13.398
2019-06-07 10:17:00	79	2
-0.000	20.970
-5.000	20.157
-10.000	18.783
-15.000	18.112
-20.000	17.936
-25.000	17.754
-30.000	17.233
-35.000	16.271
-40.000	15.402
-45.000	14.927
-50.000	14.717
-55.000	14.572
-60.000	14.443
-65.000	14.366
-70.000	14.366
-75.000	14.335
-80.000	14.294
-85.000	14.246
-90.000	14.201
-95.000	14.214
-100.000	14.208
-125.000	14.180
-150.000	14.146
-175.000	14.495
-200.000	14.594
-225.000	14.625
-250.000	14.624
-275.000	14.605
-300.000	14.578
-325.000	14.562
-350.000	14.537
-375.000	14.511
-400.000	14.487
-425.000	14.472
-450.000	14.442
-475.000	14.407
-500.000	14.372
-550.000	14.302
-600.000	14.234
-650.000	14.139
-700.000	14.049
-750.000	13.966
-800.000	13.848
-850.000	13.795
-900.000	13.731
-950.000	13.707
-1000.000	13.543
-1050.000	13.537
-1100.000	13.544
-1150.000	13.552
-1200.000	13.561
-1250.000	13.506
-1300.000	13.434
-1350.000	13.427
-1400.000	13.434
-1450.000	13.440
-1500.000	13.435
-1550.000	13.424
-1600.000	13.416
-1650.000	13.405
-1700.000	13.401
-1750.000	13.390
-1800.000	13.383
-1850.000	13.379
-1900.000	13.379
-1950.000	13.377
-2000.000	13.378
-2100.000	13.378
-2200.000	13.378
-2300.000	13.378
-2400.000	13.378
-2500.000	13.378
-2600.000	13.378
-2700.000	13.378
-2800.000	13.378
-2900.000	13.378
-3000.000	13.378
-3100.000	13.378
-12000.000	13.378
2019-06-14 10:16:00	79	2
-0.000	23.466
-5.000	22.868
-10.000	20.407
-15.000	18.598
-20.000	18.244
-25.000	17.822
-30.000	17.087
-35.000	16.142
-40.000	15.491
-45.000	15.032
-50.000	14.695
-55.000	14.544
-60.000	14.418
-65.000	14.290
-70.000	14.214
-75.000	14.163
-80.000	14.112
-85.000	14.089
-90.000	14.108
-95.000	14.146
-100.000	14.168
-125.000	14.130
-150.000	14.398
-175.000	14.582
-200.000	14.585
-225.000	14.595
-250.000	14.588
-275.000	14.613
-300.000	14.577
-325.000	14.578
-350.000	14.521
-375.000	14.498
-400.000	14.492
-425.000	14.466
-450.000	14.435
-475.000	14.407
-500.000	14.365
-550.000	14.290
-600.000	14.217
-650.000	14.152
-700.000	14.072
-750.000	13.993
-800.000	13.862
-850.000	13.828
-900.000	13.727
-950.000	13.734
-1000.000	13.530
-1050.000	13.539
-1100.000	13.546
-1150.000	13.553
-1200.000	13.523
-1250.000	13.465
-1300.000	13.419
-1350.000	13.427
-1400.000	13.431
-1450.000	13.434
-1500.000	13.425
-1550.000	13.406
-1600.000	13.402
-1650.000	13.402
-1700.000	13.397
-1750.000	13.385
-1800.000	13.376
-1850.000	13.371
-1900.000	13.366
-1950.000	13.368
-2000.000	13.368
-2100.000	13.368
-2200.000	13.368
-2300.000	13.368
-2400.000	13.368
-2500.000	13.368
-2600.000	13.368
-2700.000	13.368
-2800.000	13.368
-2900.000	13.368
-3000.000	13.368
-3100.000	13.368
-12000.000	13.368
2019-06-21 10:16:00	79	2
-0.000	24.801
-5.000	24.577
-10.000	22.658
-15.000	20.178
-20.000	19.025
-25.000	18.266
-30.000	17.666
-35.000	16.918
-40.000	16.040
-45.000	15.364
-50.000	15.032
-55.000	14.800
-60.000	14.593
-65.000	14.442
-70.000	14.322
-75.000	14.240
-80.000	14.198
-85.000	14.162
-90.000	14.135
-95.000	14.120
-100.000	14.111
-125.000	14.115
-150.000	14.229
-175.000	14.492
-200.000	14.595
-225.000	14.604
-250.000	14.621
-275.000	14.604
-300.000	14.593
-325.000	14.561
-350.000	14.543
-375.000	14.522
-400.000	14.506
-425.000	14.474
-450.000	14.445
-475.000	14.414
-500.000	14.386
-550.000	14.307
-600.000	14.209
-650.000	14.115
-700.000	14.040
-750.000	13.952
-800.000	13.824
-850.000	13.722
-900.000	13.726
-950.000	13.575
-1000.000	13.525
-1050.000	13.533
-1100.000	13.541
-1150.000	13.547
-1200.000	13.499
-1250.000	13.451
-1300.000	13.419
-1350.000	13.424
-1400.000	13.430
-1450.000	13.436
-1500.000	13.431
-1550.000	13.416
-1600.000	13.409
-1650.000	13.408
-1700.000	13.403
-1750.000	13.384
-1800.000	13.382
-1850.000	13.381
-1900.000	13.379
-1950.000	13.376
-2000.000	13.375
-2100.000	13.375
-2200.000	13.375
-2300.000	13.375
-2400.000	13.375
-2500.000	13.375
-2600.000	13.375
-2700.000	13.375
-2800.000	13.375
-2900.000	13.375
-3000.000	13.375
-3100.000	13.375
-12000.000	13.375
2019-06-28 10:21:00	79	2
-0.000	26.216
-5.000	25.302
-10.000	23.221
-15.000	20.678
-20.000	19.061
-25.000	18.348
-30.000	17.561
-35.000	16.936
-40.000	16.354
-45.000	15.845
-50.000	15.441
-55.000	14.982
-60.000	14.646
-65.000	14.479
-70.000	14.409
-75.000	14.404
-80.000	14.409
-85.000	14.394
-90.000	14.334
-95.000	14.270
-100.000	14.221
-125.000	14.066
-150.000	14.242
-175.000	14.456
-200.000	14.487
-225.000	14.625
-250.000	14.641
-275.000	14.625
-300.000	14.586
-325.000	14.609
-350.000	14.531
-375.000	14.500
-400.000	14.516
-425.000	14.499
-450.000	14.474
-475.000	14.446
-500.000	14.409
-550.000	14.339
-600.000	14.279
-650.000	14.158
-700.000	14.049
-750.000	13.934
-800.000	13.852
-850.000	13.792
-900.000	13.720
-950.000	13.643
-1000.000	13.546
-1050.000	13.513
-1100.000	13.528
-1150.000	13.486
-1200.000	13.469
-1250.000	13.427
-1300.000	13.407
-1350.000	13.427
-1400.000	13.435
-1450.000	13.436
-1500.000	13.418
-1550.000	13.411
-1600.000	13.403
-1650.000	13.406
-1700.000	13.396
-1750.000	13.389
-1800.000	13.384
-1850.000	13.380
-1900.000	13.374
-1950.000	13.370
-2000.000	13.369
-2100.000	13.369
-2200.000	13.369
-2300.000	13.369
-2400.000	13.369
-2500.000	13.369
-2600.000	13.369
-2700.000	13.369
-2800.000	13.369
-2900.000	13.369
-3000.000	13.369
-3100.000	13.369
-12000.000	13.369
2019-07-05 10:16:00	79	2
-0.000	27.980
-5.000	27.133
-10.000	24.166
-15.000	21.154
-20.000	19.719
-25.000	19.100
-30.000	18.182
-35.000	16.834
-40.000	15.835
-45.000	15.269
-50.000	14.872
-55.000	14.603
-60.000	14.428
-65.000	14.310
-70.000	14.222
-75.000	14.161
-80.000	14.119
-85.000	14.092
-90.000	14.073
-95.000	14.064
-100.000	14.058
-125.000	14.039
-150.000	14.080
-175.000	14.199
-200.000	14.420
-225.000	14.433
-250.000	14.334
-275.000	14.654
-300.000	14.635
-325.000	14.635
-350.000	14.604
-375.000	14.564
-400.000	14.535
-425.000	14.515
-450.000	14.462
-475.000	14.448
-500.000	14.431
-550.000	14.361
-600.000	14.283
-650.000	14.202
-700.000	14.117
-750.000	14.025
-800.000	13.943
-850.000	13.831
-900.000	13.750
-950.000	13.728
-1000.000	13.535
-1050.000	13.513
-1100.000	13.537
-1150.000	13.545
-1200.000	13.552
-1250.000	13.489
-1300.000	13.432
-1350.000	13.420
-1400.000	13.421
-1450.000	13.428
-1500.000	13.414
-1550.000	13.407
-1600.000	13.401
-1650.000	13.398
-1700.000	13.393
-1750.000	13.385
-1800.000	13.384
-1850.000	13.383
-1900.000	13.383
-1950.000	13.382
-2000.000	13.380
-2100.000	13.380
-2200.000	13.380
-2300.000	13.380
-2400.000	13.380
-2500.000	13.380
-2600.000	13.380
-2700.000	13.380
-2800.000	13.380
-2900.000	13.380
-3000.000	13.380
-3100.000	13.380
-12000.000	13.380
2019-07-12 10:15:00	79	2
-0.000	27.597
-5.000	26.540
-10.000	22.990
-15.000	20.218
-20.000	19.271
-25.000	18.526
-30.000	17.634
-35.000	16.521
-40.000	15.660
-45.000	15.224
-50.000	14.906
-55.000	14.667
-60.000	14.500
-65.000	14.370
-70.000	14.276
-75.000	14.206
-80.000	14.160
-85.000	14.125
-90.000	14.092
-95.000	14.064
-100.000	14.045
-125.000	14.030
-150.000	14.039
-175.000	14.071
-200.000	14.178
-225.000	14.389
-250.000	14.539
-275.000	14.622
-300.000	14.645
-325.000	14.645
-350.000	14.650
-375.000	14.606
-400.000	14.574
-425.000	14.544
-450.000	14.524
-475.000	14.496
-500.000	14.471
-550.000	14.412
-600.000	14.358
-650.000	14.248
-700.000	14.203
-750.000	14.090
-800.000	13.989
-850.000	13.917
-900.000	13.828
-950.000	13.730
-1000.000	13.731
-1050.000	13.630
-1100.000	13.538
-1150.000	13.537
-1200.000	13.549
-1250.000	13.557
-1300.000	13.525
-1350.000	13.467
-1400.000	13.443
-1450.000	13.433
-1500.000	13.441
-1550.000	13.447
-1600.000	13.442
-1650.000	13.429
-1700.000	13.423
-1750.000	13.423
-1800.000	13.425
-1850.000	13.419
-1900.000	13.412
-1950.000	13.406
-2000.000	13.404
-2100.000	13.404
-2200.000	13.404
-2300.000	13.404
-2400.000	13.404
-2500.000	13.404
-2600.000	13.404
-2700.000	13.404
-2800.000	13.404
-2900.000	13.404
-3000.000	13.404
-3100.000	13.404
-12000.000	13.404
2019-07-19 10:19:00	79	2
-0.000	26.338
-5.000	26.085
-10.000	23.721
-15.000	20.732
-20.000	19.521
-25.000	18.970
-30.000	17.797
-35.000	16.484
-40.000	15.606
-45.000	15.139
-50.000	14.829
-55.000	14.577
-60.000	14.412
-65.000	14.301
-70.000	14.226
-75.000	14.172
-80.000	14.132
-85.000	14.104
-90.000	14.089
-95.000	14.075
-100.000	14.062
-125.000	14.041
-150.000	14.069
-175.000	14.124
-200.000	14.328
-225.000	14.456
-250.000	14.614
-275.000	14.633
-300.000	14.641
-325.000	14.626
-350.000	14.582
-375.000	14.557
-400.000	14.542
-425.000	14.505
-450.000	14.473
-475.000	14.452
-500.000	14.422
-550.000	14.349
-600.000	14.287
-650.000	14.224
-700.000	14.126
-750.000	14.086
-800.000	13.964
-850.000	13.872
-900.000	13.822
-950.000	13.726
-1000.000	13.732
-1050.000	13.605
-1100.000	13.523
-1150.000	13.536
-1200.000	13.552
-1250.000	13.519
-1300.000	13.472
-1350.000	13.444
-1400.000	13.436
-1450.000	13.439
-1500.000	13.445
-1550.000	13.452
-1600.000	13.439
-1650.000	13.423
-1700.000	13.419
-1750.000	13.424
-1800.000	13.413
-1850.000	13.396
-1900.000	13.386
-1950.000	13.386
-2000.000	13.385
-2100.000	13.385
-2200.000	13.385
-2300.000	13.385
-2400.000	13.385
-2500.000	13.385
-2600.000	13.385
-2700.000	13.385
-2800.000	13.385
-2900.000	13.385
-3000.000	13.385
-3100.000	13.385
-12000.000	13.385
2019-07-26 10:25:00	79	2
-0.000	28.034
-5.000	27.631
-10.000	26.478
-15.000	22.993
-20.000	20.127
-25.000	19.210
-30.000	18.461
-35.000	17.517
-40.000	16.425
-45.000	15.654
-50.000	15.134
-55.000	14.779
-60.000	14.538
-65.000	14.400
-70.000	14.313
-75.000	14.245
-80.000	14.191
-85.000	14.147
-90.000	14.111
-95.000	14.086
-100.000	14.068
-125.000	14.046
-150.000	14.048
-175.000	14.099
-200.000	14.372
-225.000	14.478
-250.000	14.606
-275.000	14.639
-300.000	14.631
-325.000	14.616
-350.000	14.587
-375.000	14.591
-400.000	14.557
-425.000	14.498
-450.000	14.484
-475.000	14.466
-500.000	14.433
-550.000	14.346
-600.000	14.266
-650.000	14.190
-700.000	14.099
-750.000	14.040
-800.000	13.967
-850.000	13.808
-900.000	13.774
-950.000	13.707
-1000.000	13.665
-1050.000	13.594
-1100.000	13.530
-1150.000	13.534
-1200.000	13.545
-1250.000	13.555
-1300.000	13.558
-1350.000	13.488
-1400.000	13.448
-1450.000	13.438
-1500.000	13.444
-1550.000	13.451
-1600.000	13.450
-1650.000	13.437
-1700.000	13.425
-1750.000	13.422
-1800.000	13.422
-1850.000	13.414
-1900.000	13.407
-1950.000	13.409
-2000.000	13.411
-2100.000	13.411
-2200.000	13.411
-2300.000	13.411
-2400.000	13.411
-2500.000	13.411
-2600.000	13.411
-2700.000	13.411
-2800.000	13.411
-2900.000	13.411
-3000.000	13.411
-3100.000	13.411
-12000.000	13.411
2019-08-02 10:19:00	79	2
-0.000	26.473
-5.000	26.405
-10.000	26.304
-15.000	25.976
-20.000	23.450
-25.000	20.631
-30.000	19.600
-35.000	18.603
-40.000	17.322
-45.000	16.372
-50.000	15.697
-55.000	15.215
-60.000	14.919
-65.000	14.664
-70.000	14.463
-75.000	14.332
-80.000	14.249
-85.000	14.198
-90.000	14.158
-95.000	14.120
-100.000	14.098
-125.000	14.046
-150.000	14.086
-175.000	14.217
-200.000	14.414
-225.000	14.476
-250.000	14.535
-275.000	14.613
-300.000	14.619
-325.000	14.604
-350.000	14.577
-375.000	14.562
-400.000	14.534
-425.000	14.503
-450.000	14.470
-475.000	14.445
-500.000	14.402
-550.000	14.351
-600.000	14.259
-650.000	14.188
-700.000	14.130
-750.000	13.971
-800.000	13.914
-850.000	13.830
-900.000	13.762
-950.000	13.719
-1000.000	13.621
-1050.000	13.516
-1100.000	13.524
-1150.000	13.532
-1200.000	13.510
-1250.000	13.476
-1300.000	13.453
-1350.000	13.428
-1400.000	13.434
-1450.000	13.441
-1500.000	13.448
-1550.000	13.455
-1600.000	13.430
-1650.000	13.419
-1700.000	13.423
-1750.000	13.429
-1800.000	13.425
-1850.000	13.403
-1900.000	13.399
-1950.000	13.401
-2000.000	13.399
-2100.000	13.399
-2200.000	13.399
-2300.000	13.399
-2400.000	13.399
-2500.000	13.399
-2600.000	13.399
-2700.000	13.399
-2800.000	13.399
-2900.000	13.399
-3000.000	13.399
-3100.000	13.399
-12000.000	13.399
2019-08-09 10:23:00	79	2
-0.000	26.979
-5.000	26.926
-10.000	26.865
-15.000	26.198
-20.000	23.074
-25.000	20.230
-30.000	18.935
-35.000	17.402
-40.000	16.019
-45.000	15.299
-50.000	14.905
-55.000	14.656
-60.000	14.470
-65.000	14.338
-70.000	14.259
-75.000	14.207
-80.000	14.166
-85.000	14.131
-90.000	14.107
-95.000	14.083
-100.000	14.062
-125.000	14.032
-150.000	14.040
-175.000	14.073
-200.000	14.173
-225.000	14.394
-250.000	14.456
-275.000	14.606
-300.000	14.586
-325.000	14.648
-350.000	14.626
-375.000	14.605
-400.000	14.565
-425.000	14.532
-450.000	14.525
-475.000	14.476
-500.000	14.446
-550.000	14.372
-600.000	14.321
-650.000	14.257
-700.000	14.157
-750.000	14.084
-800.000	13.989
-850.000	13.944
-900.000	13.820
-950.000	13.716
-1000.000	13.711
-1050.000	13.612
-1100.000	13.529
-1150.000	13.536
-1200.000	13.531
-1250.000	13.492
-1300.000	13.462
-1350.000	13.438
-1400.000	13.431
-1450.000	13.438
-1500.000	13.444
-1550.000	13.438
-1600.000	13.423
-1650.000	13.411
-1700.000	13.417
-1750.000	13.403
-1800.000	13.395
-1850.000	13.394
-1900.000	13.399
-1950.000	13.398
-2000.000	13.394
-2100.000	13.394
-2200.000	13.394
-2300.000	13.394
-2400.000	13.394
-2500.000	13.394
-2600.000	13.394
-2700.000	13.394
-2800.000	13.394
-2900.000	13.394
-3000.000	13.394
-3100.000	13.394
-12000.000	13.394
2019-08-16 10:17:00	79	2
-0.000	27.177
-5.000	27.132
-10.000	27.091
-15.000	26.576
-20.000	23.418
-25.000	20.372
-30.000	19.071
-35.000	17.648
-40.000	16.346
-45.000	15.620
-50.000	15.166
-55.000	14.819
-60.000	14.594
-65.000	14.448
-70.000	14.355
-75.000	14.290
-80.000	14.239
-85.000	14.194
-90.000	14.153
-95.000	14.114
-100.000	14.079
-125.000	14.024
-150.000	14.038
-175.000	14.072
-200.000	14.137
-225.000	14.352
-250.000	14.501
-275.000	14.578
-300.000	14.674
-325.000	14.695
-350.000	14.711
-375.000	14.716
-400.000	14.687
-425.000	14.644
-450.000	14.603
-475.000	14.563
-500.000	14.542
-550.000	14.482
-600.000	14.390
-650.000	14.320
-700.000	14.231
-750.000	14.160
-800.000	14.081
-850.000	13.961
-900.000	13.909
-950.000	13.816
-1000.000	13.722
-1050.000	13.724
-1100.000	13.621
-1150.000	13.538
-1200.000	13.545
-1250.000	13.554
-1300.000	13.519
-1350.000	13.487
-1400.000	13.460
-1450.000	13.440
-1500.000	13.446
-1550.000	13.454
-1600.000	13.456
-1650.000	13.446
-1700.000	13.431
-1750.000	13.424
-1800.000	13.425
-1850.000	13.422
-1900.000	13.412
-1950.000	13.408
-2000.000	13.407
-2100.000	13.407
-2200.000	13.407
-2300.000	13.407
-2400.000	13.407
-2500.000	13.407
-2600.000	13.407
-2700.000	13.407
-2800.000	13.407
-2900.000	13.407
-3000.000	13.407
-3100.000	13.407
-12000.000	13.407
2019-08-23 10:21:00	79	2
-0.000	27.771
-5.000	27.604
-10.000	27.375
-15.000	27.107
-20.000	24.699
-25.000	21.191
-30.000	19.278
-35.000	18.050
-40.000	17.163
-45.000	16.348
-50.000	15.712
-55.000	15.212
-60.000	14.891
-65.000	14.662
-70.000	14.502
-75.000	14.373
-80.000	14.267
-85.000	14.193
-90.000	14.147
-95.000	14.113
-100.000	14.088
-125.000	14.022
-150.000	14.034
-175.000	14.077
-200.000	14.140
-225.000	14.336
-250.000	14.497
-275.000	14.629
-300.000	14.720
-325.000	14.735
-350.000	14.750
-375.000	14.732
-400.000	14.711
-425.000	14.665
-450.000	14.618
-475.000	14.575
-500.000	14.547
-550.000	14.462
-600.000	14.380
-650.000	14.330
-700.000	14.227
-750.000	14.149
-800.000	14.056
-850.000	13.972
-900.000	13.903
-950.000	13.815
-1000.000	13.721
-1050.000	13.727
-1100.000	13.609
-1150.000	13.538
-1200.000	13.548
-1250.000	13.556
-1300.000	13.561
-1350.000	13.503
-1400.000	13.449
-1450.000	13.442
-1500.000	13.447
-1550.000	13.455
-1600.000	13.463
-1650.000	13.464
-1700.000	13.452
-1750.000	13.433
-1800.000	13.435
-1850.000	13.433
-1900.000	13.431
-1950.000	13.422
-2000.000	13.422
-2100.000	13.422
-2200.000	13.422
-2300.000	13.422
-2400.000	13.422
-2500.000	13.422
-2600.000	13.422
-2700.000	13.422
-2800.000	13.422
-2900.000	13.422
-3000.000	13.422
-3100.000	13.422
-12000.000	13.422
2019-08-30 10:17:00	79	2
-0.000	28.005
-5.000	27.939
-10.000	27.901
-15.000	27.786
-20.000	26.494
-25.000	22.754
-30.000	19.884
-35.000	18.617
-40.000	17.390
-45.000	16.361
-50.000	15.644
-55.000	15.163
-60.000	14.831
-65.000	14.591
-70.000	14.425
-75.000	14.327
-80.000	14.266
-85.000	14.212
-90.000	14.160
-95.000	14.120
-100.000	14.090
-125.000	14.025
-150.000	14.040
-175.000	14.071
-200.000	14.132
-225.000	14.318
-250.000	14.487
-275.000	14.584
-300.000	14.650
-325.000	14.659
-350.000	14.661
-375.000	14.664
-400.000	14.633
-425.000	14.584
-450.000	14.560
-475.000	14.539
-500.000	14.508
-550.000	14.458
-600.000	14.398
-650.000	14.320
-700.000	14.237
-750.000	14.148
-800.000	14.065
-850.000	13.969
-900.000	13.859
-950.000	13.820
-1000.000	13.723
-1050.000	13.691
-1100.000	13.593
-1150.000	13.538
-1200.000	13.545
-1250.000	13.554
-1300.000	13.519
-1350.000	13.467
-1400.000	13.440
-1450.000	13.441
-1500.000	13.448
-1550.000	13.455
-1600.000	13.461
-1650.000	13.449
-1700.000	13.426
-1750.000	13.425
-1800.000	13.424
-1850.000	13.411
-1900.000	13.411
-1950.000	13.411
-2000.000	13.411
-2100.000	13.411
-2200.000	13.411
-2300.000	13.411
-2400.000	13.411
-2500.000	13.411
-2600.000	13.411
-2700.000	13.411
-2800.000	13.411
-2900.000	13.411
-3000.000	13.411
-3100.000	13.411
-12000.000	13.411
2019-09-06 10:23:00	79	2
-0.000	27.635
-5.000	27.575
-10.000	27.542
-15.000	27.343
-20.000	24.802
-25.000	21.282
-30.000	19.241
-35.000	17.870
-40.000	16.864
-45.000	16.106
-50.000	15.469
-55.000	15.063
-60.000	14.812
-65.000	14.625
-70.000	14.473
-75.000	14.352
-80.000	14.261
-85.000	14.186
-90.000	14.138
-95.000	14.101
-100.000	14.070
-125.000	14.025
-150.000	14.047
-175.000	14.073
-200.000	14.155
-225.000	14.341
-250.000	14.483
-275.000	14.585
-300.000	14.634
-325.000	14.643
-350.000	14.634
-375.000	14.619
-400.000	14.583
-425.000	14.557
-450.000	14.540
-475.000	14.514
-500.000	14.483
-550.000	14.431
-600.000	14.368
-650.000	14.300
-700.000	14.198
-750.000	14.108
-800.000	14.023
-850.000	13.940
-900.000	13.823
-950.000	13.793
-1000.000	13.722
-1050.000	13.673
-1100.000	13.585
-1150.000	13.533
-1200.000	13.540
-1250.000	13.549
-1300.000	13.541
-1350.000	13.485
-1400.000	13.452
-1450.000	13.441
-1500.000	13.448
-1550.000	13.454
-1600.000	13.462
-1650.000	13.455
-1700.000	13.434
-1750.000	13.429
-1800.000	13.433
-1850.000	13.423
-1900.000	13.415
-1950.000	13.413
-2000.000	13.416
-2100.000	13.416
-2200.000	13.416
-2300.000	13.416
-2400.000	13.416
-2500.000	13.416
-2600.000	13.416
-2700.000	13.416
-2800.000	13.416
-2900.000	13.416
-3000.000	13.416
-3100.000	13.416
-12000.000	13.416
2019-09-13 10:21:00	79	2
-0.000	26.896
-5.000	26.862
-10.000	26.834
-15.000	26.824
-20.000	25.695
-25.000	22.466
-30.000	20.320
-35.000	19.188
-40.000	17.993
-45.000	17.025
-50.000	16.220
-55.000	15.589
-60.000	15.209
-65.000	14.956
-70.000	14.738
-75.000	14.558
-80.000	14.430
-85.000	14.331
-90.000	14.264
-95.000	14.211
-100.000	14.151
-125.000	14.044
-150.000	14.048
-175.000	14.066
-200.000	14.127
-225.000	14.313
-250.000	14.500
-275.000	14.610
-300.000	14.635
-325.000	14.646
-350.000	14.625
-375.000	14.615
-400.000	14.582
-425.000	14.551
-450.000	14.529
-475.000	14.505
-500.000	14.478
-550.000	14.399
-600.000	14.332
-650.000	14.252
-700.000	14.154
-750.000	14.075
-800.000	13.983
-850.000	13.892
-900.000	13.815
-950.000	13.721
-1000.000	13.722
-1050.000	13.632
-1100.000	13.537
-1150.000	13.537
-1200.000	13.543
-1250.000	13.550
-1300.000	13.514
-1350.000	13.475
-1400.000	13.451
-1450.000	13.442
-1500.000	13.445
-1550.000	13.453
-1600.000	13.451
-1650.000	13.429
-1700.000	13.423
-1750.000	13.428
-1800.000	13.435
-1850.000	13.426
-1900.000	13.422
-1950.000	13.412
-2000.000	13.414
-2100.000	13.414
-2200.000	13.414
-2300.000	13.414
-2400.000	13.414
-2500.000	13.414
-2600.000	13.414
-2700.000	13.414
-2800.000	13.414
-2900.000	13.414
-3000.000	13.414
-3100.000	13.414
-12000.000	13.414
2019-09-20 10:25:00	79	2
-0.000	26.756
-5.000	26.752
-10.000	26.748
-15.000	26.742
-20.000	25.622
-25.000	22.257
-30.000	19.766
-35.000	18.205
-40.000	17.069
-45.000	16.390
-50.000	15.814
-55.000	15.326
-60.000	14.949
-65.000	14.693
-70.000	14.519
-75.000	14.406
-80.000	14.318
-85.000	14.247
-90.000	14.195
-95.000	14.151
-100.000	14.116
-125.000	14.035
-150.000	14.038
-175.000	14.070
-200.000	14.123
-225.000	14.276
-250.000	14.457
-275.000	14.542
-300.000	14.597
-325.000	14.626
-350.000	14.614
-375.000	14.561
-400.000	14.544
-425.000	14.542
-450.000	14.541
-475.000	14.506
-500.000	14.474
-550.000	14.407
-600.000	14.331
-650.000	14.266
-700.000	14.154
-750.000	14.089
-800.000	13.957
-850.000	13.894
-900.000	13.813
-950.000	13.712
-1000.000	13.694
-1050.000	13.603
-1100.000	13.525
-1150.000	13.533
-1200.000	13.541
-1250.000	13.544
-1300.000	13.494
-1350.000	13.449
-1400.000	13.436
-1450.000	13.440
-1500.000	13.447
-1550.000	13.454
-1600.000	13.460
-1650.000	13.448
-1700.000	13.432
-1750.000	13.428
-1800.000	13.429
-1850.000	13.423
-1900.000	13.408
-1950.000	13.407
-2000.000	13.412
-2100.000	13.412
-2200.000	13.412
-2300.000	13.412
-2400.000	13.412
-2500.000	13.412
-2600.000	13.412
-2700.000	13.412
-2800.000	13.412
-2900.000	13.412
-3000.000	13.412
-3100.000	13.412
-12000.000	13.412
2019-09-27 10:19:00	79	2
-0.000	25.671
-5.000	25.630
-10.000	25.601
-15.000	25.595
-20.000	25.587
-25.000	24.836
-30.000	22.014
-35.000	19.366
-40.000	17.802
-45.000	16.563
-50.000	15.952
-55.000	15.558
-60.000	15.221
-65.000	14.916
-70.000	14.684
-75.000	14.514
-80.000	14.383
-85.000	14.287
-90.000	14.219
-95.000	14.166
-100.000	14.121
-125.000	14.040
-150.000	14.039
-175.000	14.068
-200.000	14.100
-225.000	14.259
-250.000	14.453
-275.000	14.539
-300.000	14.619
-325.000	14.637
-350.000	14.631
-375.000	14.625
-400.000	14.585
-425.000	14.543
-450.000	14.538
-475.000	14.453
-500.000	14.439
-550.000	14.412
-600.000	14.330
-650.000	14.252
-700.000	14.160
-750.000	14.119
-800.000	14.029
-850.000	13.912
-900.000	13.810
-950.000	13.726
-1000.000	13.683
-1050.000	13.635
-1100.000	13.534
-1150.000	13.537
-1200.000	13.545
-1250.000	13.548
-1300.000	13.495
-1350.000	13.448
-1400.000	13.433
-1450.000	13.440
-1500.000	13.447
-1550.000	13.453
-1600.000	13.447
-1650.000	13.436
-1700.000	13.424
-1750.000	13.428
-1800.000	13.428
-1850.000	13.418
-1900.000	13.407
-1950.000	13.408
-2000.000	13.411
-2100.000	13.411
-2200.000	13.411
-2300.000	13.411
-2400.000	13.411
-2500.000	13.411
-2600.000	13.411
-2700.000	13.411
-2800.000	13.411
-2900.000	13.411
-3000.000	13.411
-3100.000	13.411
-12000.000	13.411
2019-10-04 10:21:00	79	2
-0.000	24.942
-5.000	24.943
-10.000	24.945
-15.000	24.946
-20.000	24.753
-25.000	22.917
-30.000	20.291
-35.000	18.811
-40.000	17.466
-45.000	16.415
-50.000	15.729
-55.000	15.241
-60.000	14.869
-65.000	14.633
-70.000	14.460
-75.000	14.345
-80.000	14.276
-85.000	14.218
-90.000	14.172
-95.000	14.130
-100.000	14.089
-125.000	14.025
-150.000	14.033
-175.000	14.060
-200.000	14.131
-225.000	14.325
-250.000	14.484
-275.000	14.577
-300.000	14.606
-325.000	14.621
-350.000	14.643
-375.000	14.629
-400.000	14.591
-425.000	14.552
-450.000	14.483
-475.000	14.480
-500.000	14.470
-550.000	14.406
-600.000	14.323
-650.000	14.262
-700.000	14.172
-750.000	14.094
-800.000	14.026
-850.000	13.957
-900.000	13.824
-950.000	13.772
-1000.000	13.705
-1050.000	13.657
-1100.000	13.542
-1150.000	13.537
-1200.000	13.544
-1250.000	13.552
-1300.000	13.538
-1350.000	13.484
-1400.000	13.440
-1450.000	13.439
-1500.000	13.447
-1550.000	13.454
-1600.000	13.444
-1650.000	13.431
-1700.000	13.422
-1750.000	13.428
-1800.000	13.422
-1850.000	13.395
-1900.000	13.400
-1950.000	13.393
-2000.000	13.388
-2100.000	13.388
-2200.000	13.388
-2300.000	13.388
-2400.000	13.388
-2500.000	13.388
-2600.000	13.388
-2700.000	13.388
-2800.000	13.388
-2900.000	13.388
-3000.000	13.388
-3100.000	13.388
-12000.000	13.388
2019-10-11 10:19:00	79	2
-0.000	24.047
-5.000	24.001
-10.000	23.967
-15.000	23.961
-20.000	23.956
-25.000	23.323
-30.000	20.520
-35.000	17.832
-40.000	16.541
-45.000	15.878
-50.000	15.442
-55.000	15.117
-60.000	14.857
-65.000	14.637
-70.000	14.474
-75.000	14.355
-80.000	14.271
-85.000	14.220
-90.000	14.186
-95.000	14.145
-100.000	14.100
-125.000	14.029
-150.000	14.029
-175.000	14.077
-200.000	14.119
-225.000	14.231
-250.000	14.417
-275.000	14.562
-300.000	14.639
-325.000	14.666
-350.000	14.671
-375.000	14.659
-400.000	14.629
-425.000	14.593
-450.000	14.564
-475.000	14.473
-500.000	14.494
-550.000	14.472
-600.000	14.385
-650.000	14.342
-700.000	14.250
-750.000	14.150
-800.000	14.050
-850.000	13.959
-900.000	13.883
-950.000	13.814
-1000.000	13.727
-1050.000	13.685
-1100.000	13.621
-1150.000	13.537
-1200.000	13.544
-1250.000	13.552
-1300.000	13.559
-1350.000	13.536
-1400.000	13.456
-1450.000	13.442
-1500.000	13.449
-1550.000	13.457
-1600.000	13.464
-1650.000	13.445
-1700.000	13.422
-1750.000	13.428
-1800.000	13.415
-1850.000	13.403
-1900.000	13.400
-1950.000	13.408
-2000.000	13.413
-2100.000	13.413
-2200.000	13.413
-2300.000	13.413
-2400.000	13.413
-2500.000	13.413
-2600.000	13.413
-2700.000	13.413
-2800.000	13.413
-2900.000	13.413
-3000.000	13.413
-3100.000	13.413
-12000.000	13.413
2019-10-18 10:17:00	79	2
-0.000	23.539
-5.000	23.519
-10.000	23.505
-15.000	23.501
-20.000	23.498
-25.000	22.830
-30.000	20.303
-35.000	18.067
-40.000	16.782
-45.000	15.909
-50.000	15.403
-55.000	15.094
-60.000	14.860
-65.000	14.700
-70.000	14.555
-75.000	14.407
-80.000	14.317
-85.000	14.263
-90.000	14.203
-95.000	14.146
-100.000	14.103
-125.000	14.025
-150.000	14.030
-175.000	14.079
-200.000	14.178
-225.000	14.395
-250.000	14.567
-275.000	14.730
-300.000	14.832
-325.000	14.874
-350.000	14.877
-375.000	14.865
-400.000	14.834
-425.000	14.792
-450.000	14.712
-475.000	14.649
-500.000	14.582
-550.000	14.482
-600.000	14.440
-650.000	14.394
-700.000	14.319
-750.000	14.251
-800.000	14.143
-850.000	14.057
-900.000	13.966
-950.000	13.838
-1000.000	13.777
-1050.000	13.724
-1100.000	13.615
-1150.000	13.537
-1200.000	13.538
-1250.000	13.549
-1300.000	13.543
-1350.000	13.491
-1400.000	13.437
-1450.000	13.442
-1500.000	13.449
-1550.000	13.455
-1600.000	13.440
-1650.000	13.414
-1700.000	13.421
-1750.000	13.430
-1800.000	13.430
-1850.000	13.407
-1900.000	13.403
-1950.000	13.410
-2000.000	13.412
-2100.000	13.412
-2200.000	13.412
-2300.000	13.412
-2400.000	13.412
-2500.000	13.412
-2600.000	13.412
-2700.000	13.412
-2800.000	13.412
-2900.000	13.412
-3000.000	13.412
-3100.000	13.412
-12000.000	13.412
2019-10-21 10:19:00	79	2
-0.000	23.387
-5.000	23.383
-10.000	23.370
-15.000	23.357
-20.000	23.350
-25.000	23.330
-30.000	22.783
-35.000	20.791
-40.000	18.241
-45.000	16.835
-50.000	16.048
-55.000	15.532
-60.000	15.220
-65.000	14.928
-70.000	14.695
-75.000	14.530
-80.000	14.406
-85.000	14.306
-90.000	14.234
-95.000	14.185
-100.000	14.140
-125.000	14.031
-150.000	14.023
-175.000	14.062
-200.000	14.119
-225.000	14.361
-250.000	14.612
-275.000	14.803
-300.000	14.869
-325.000	14.890
-350.000	14.898
-375.000	14.889
-400.000	14.859
-425.000	14.822
-450.000	14.753
-475.000	14.663
-500.000	14.604
-550.000	14.529
-600.000	14.414
-650.000	14.384
-700.000	14.325
-750.000	14.262
-800.000	14.147
-850.000	14.063
-900.000	13.951
-950.000	13.841
-1000.000	13.750
-1050.000	13.708
-1100.000	13.627
-1150.000	13.556
-1200.000	13.542
-1250.000	13.551
-1300.000	13.561
-1350.000	13.519
-1400.000	13.470
-1450.000	13.446
-1500.000	13.452
-1550.000	13.459
-1600.000	13.466
-1650.000	13.472
-1700.000	13.450
-1750.000	13.433
-1800.000	13.438
-1850.000	13.447
-1900.000	13.448
-1950.000	13.416
-2000.000	13.414
-2100.000	13.414
-2200.000	13.414
-2300.000	13.414
-2400.000	13.414
-2500.000	13.414
-2600.000	13.414
-2700.000	13.414
-2800.000	13.414
-2900.000	13.414
-3000.000	13.414
-3100.000	13.414
-12000.000	13.414
2019-10-24 10:20:00	79	2
-0.000	23.224
-5.000	23.226
-10.000	23.227
-15.000	23.227
-20.000	23.225
-25.000	23.222
-30.000	23.215
-35.000	22.695
-40.000	20.022
-45.000	17.366
-50.000	16.235
-55.000	15.428
-60.000	14.886
-65.000	14.595
-70.000	14.444
-75.000	14.346
-80.000	14.271
-85.000	14.217
-90.000	14.170
-95.000	14.126
-100.000	14.094
-125.000	14.027
-150.000	14.024
-175.000	14.052
-200.000	14.089
-225.000	14.263
-250.000	14.551
-275.000	14.742
-300.000	14.850
-325.000	14.887
-350.000	14.893
-375.000	14.887
-400.000	14.869
-425.000	14.816
-450.000	14.743
-475.000	14.667
-500.000	14.616
-550.000	14.526
-600.000	14.430
-650.000	14.361
-700.000	14.299
-750.000	14.221
-800.000	14.126
-850.000	14.042
-900.000	13.906
-950.000	13.840
-1000.000	13.754
-1050.000	13.693
-1100.000	13.629
-1150.000	13.547
-1200.000	13.544
-1250.000	13.550
-1300.000	13.556
-1350.000	13.515
-1400.000	13.481
-1450.000	13.451
-1500.000	13.455
-1550.000	13.459
-1600.000	13.466
-1650.000	13.473
-1700.000	13.468
-1750.000	13.435
-1800.000	13.440
-1850.000	13.442
-1900.000	13.443
-1950.000	13.434
-2000.000	13.438
-2100.000	13.438
-2200.000	13.438
-2300.000	13.438
-2400.000	13.438
-2500.000	13.438
-2600.000	13.438
-2700.000	13.438
-2800.000	13.438
-2900.000	13.438
-3000.000	13.438
-3100.000	13.438
-12000.000	13.438
2019-10-27 10:20:00	79	2
-0.000	23.047
-5.000	23.040
-10.000	23.025
-15.000	23.017
-20.000	23.014
-25.000	23.014
-30.000	23.004
-35.000	21.841
-40.000	19.118
-45.000	16.909
-50.000	15.841
-55.000	15.298
-60.000	14.959
-65.000	14.756
-70.000	14.580
-75.000	14.437
-80.000	14.333
-85.000	14.253
-90.000	14.190
-95.000	14.144
-100.000	14.106
-125.000	14.026
-150.000	14.029
-175.000	14.073
-200.000	14.093
-225.000	14.220
-250.000	14.466
-275.000	14.615
-300.000	14.760
-325.000	14.821
-350.000	14.841
-375.000	14.780
-400.000	14.746
-425.000	14.695
-450.000	14.649
-475.000	14.602
-500.000	14.572
-550.000	14.498
-600.000	14.433
-650.000	14.373
-700.000	14.304
-750.000	14.190
-800.000	14.071
-850.000	13.958
-900.000	13.847
-950.000	13.838
-1000.000	13.759
-1050.000	13.710
-1100.000	13.574
-1150.000	13.542
-1200.000	13.543
-1250.000	13.550
-1300.000	13.548
-1350.000	13.479
-1400.000	13.439
-1450.000	13.442
-1500.000	13.449
-1550.000	13.456
-1600.000	13.464
-1650.000	13.467
-1700.000	13.443
-1750.000	13.432
-1800.000	13.439
-1850.000	13.437
-1900.000	13.407
-1950.000	13.410
-2000.000	13.409
-2100.000	13.409
-2200.000	13.409
-2300.000	13.409
-2400.000	13.409
-2500.000	13.409
-2600.000	13.409
-2700.000	13.409
-2800.000	13.409
-2900.000	13.409
-3000.000	13.409
-3100.000	13.409
-12000.000	13.409
2019-10-30 10:26:00	79	2
-0.000	22.986
-5.000	22.956
-10.000	22.939
-15.000	22.936
-20.000	22.933
-25.000	22.930
-30.000	22.928
-35.000	22.110
-40.000	19.537
-45.000	17.423
-50.000	16.570
-55.000	15.827
-60.000	15.327
-65.000	14.969
-70.000	14.709
-75.000	14.586
-80.000	14.473
-85.000	14.364
-90.000	14.277
-95.000	14.215
-100.000	14.166
-125.000	14.046
-150.000	14.026
-175.000	14.062
-200.000	14.114
-225.000	14.258
-250.000	14.412
-275.000	14.557
-300.000	14.658
-325.000	14.670
-350.000	14.686
-375.000	14.690
-400.000	14.689
-425.000	14.625
-450.000	14.596
-475.000	14.571
-500.000	14.542
-550.000	14.473
-600.000	14.411
-650.000	14.376
-700.000	14.296
-750.000	14.138
-800.000	14.047
-850.000	13.940
-900.000	13.850
-950.000	13.816
-1000.000	13.775
-1050.000	13.742
-1100.000	13.636
-1150.000	13.554
-1200.000	13.538
-1250.000	13.547
-1300.000	13.540
-1350.000	13.504
-1400.000	13.442
-1450.000	13.441
-1500.000	13.449
-1550.000	13.456
-1600.000	13.445
-1650.000	13.419
-1700.000	13.422
-1750.000	13.430
-1800.000	13.426
-1850.000	13.406
-1900.000	13.404
-1950.000	13.410
-2000.000	13.410
-2100.000	13.410
-2200.000	13.410
-2300.000	13.410
-2400.000	13.410
-2500.000	13.410
-2600.000	13.410
-2700.000	13.410
-2800.000	13.410
-2900.000	13.410
-3000.000	13.410
-3100.000	13.410
-12000.000	13.410
2019-11-02 10:13:00	79	2
-0.000	22.828
-5.000	22.826
-10.000	22.824
-15.000	22.823
-20.000	22.821
-25.000	22.810
-30.000	21.846
-35.000	19.702
-40.000	17.907
-45.000	16.606
-50.000	15.755
-55.000	15.272
-60.000	15.003
-65.000	14.781
-70.000	14.593
-75.000	14.469
-80.000	14.380
-85.000	14.297
-90.000	14.227
-95.000	14.179
-100.000	14.143
-125.000	14.036
-150.000	14.028
-175.000	14.064
-200.000	14.103
-225.000	14.209
-250.000	14.423
-275.000	14.543
-300.000	14.613
-325.000	14.642
-350.000	14.653
-375.000	14.650
-400.000	14.640
-425.000	14.605
-450.000	14.584
-475.000	14.533
-500.000	14.518
-550.000	14.440
-600.000	14.396
-650.000	14.308
-700.000	14.237
-750.000	14.112
-800.000	14.011
-850.000	13.925
-900.000	13.893
-950.000	13.788
-1000.000	13.718
-1050.000	13.644
-1100.000	13.564
-1150.000	13.539
-1200.000	13.544
-1250.000	13.550
-1300.000	13.522
-1350.000	13.468
-1400.000	13.443
-1450.000	13.439
-1500.000	13.447
-1550.000	13.453
-1600.000	13.455
-1650.000	13.442
-1700.000	13.423
-1750.000	13.430
-1800.000	13.432
-1850.000	13.414
-1900.000	13.410
-1950.000	13.409
-2000.000	13.410
-2100.000	13.410
-2200.000	13.410
-2300.000	13.410
-2400.000	13.410
-2500.000	13.410
-2600.000	13.410
-2700.000	13.410
-2800.000	13.410
-2900.000	13.410
-3000.000	13.410
-3100.000	13.410
-12000.000	13.410
2019-11-05 10:18:00	79	2
-0.000	22.155
-5.000	22.154
-10.000	22.154
-15.000	22.156
-20.000	22.157
-25.000	22.113
-30.000	21.035
-35.000	18.773
-40.000	17.043
-45.000	16.097
-50.000	15.567
-55.000	15.224
-60.000	14.993
-65.000	14.824
-70.000	14.653
-75.000	14.519
-80.000	14.428
-85.000	14.345
-90.000	14.278
-95.000	14.214
-100.000	14.167
-125.000	14.055
-150.000	14.026
-175.000	14.050
-200.000	14.086
-225.000	14.195
-250.000	14.415
-275.000	14.554
-300.000	14.612
-325.000	14.650
-350.000	14.668
-375.000	14.651
-400.000	14.641
-425.000	14.585
-450.000	14.554
-475.000	14.495
-500.000	14.461
-550.000	14.438
-600.000	14.400
-650.000	14.347
-700.000	14.266
-750.000	14.150
-800.000	14.079
-850.000	13.962
-900.000	13.850
-950.000	13.775
-1000.000	13.724
-1050.000	13.649
-1100.000	13.569
-1150.000	13.539
-1200.000	13.544
-1250.000	13.549
-1300.000	13.511
-1350.000	13.462
-1400.000	13.433
-1450.000	13.440
-1500.000	13.448
-1550.000	13.455
-1600.000	13.459
-1650.000	13.430
-1700.000	13.425
-1750.000	13.425
-1800.000	13.413
-1850.000	13.407
-1900.000	13.400
-1950.000	13.399
-2000.000	13.399
-2100.000	13.399
-2200.000	13.399
-2300.000	13.399
-2400.000	13.399
-2500.000	13.399
-2600.000	13.399
-2700.000	13.399
-2800.000	13.399
-2900.000	13.399
-3000.000	13.399
-3100.000	13.399
-12000.000	13.399
2019-11-08 10:19:00	79	2
-0.000	21.578
-5.000	21.578
-10.000	21.578
-15.000	21.578
-20.000	21.579
-25.000	21.579
-30.000	21.580
-35.000	20.607
-40.000	18.137
-45.000	16.353
-50.000	15.608
-55.000	15.167
-60.000	14.869
-65.000	14.689
-70.000	14.557
-75.000	14.437
-80.000	14.344
-85.000	14.275
-90.000	14.208
-95.000	14.153
-100.000	14.115
-125.000	14.029
-150.000	14.036
-175.000	14.064
-200.000	14.121
-225.000	14.293
-250.000	14.454
-275.000	14.572
-300.000	14.614
-325.000	14.639
-350.000	14.653
-375.000	14.644
-400.000	14.613
-425.000	14.572
-450.000	14.523
-475.000	14.496
-500.000	14.501
-550.000	14.456
-600.000	14.395
-650.000	14.333
-700.000	14.252
-750.000	14.152
-800.000	14.047
-850.000	13.954
-900.000	13.856
-950.000	13.762
-1000.000	13.718
-1050.000	13.648
-1100.000	13.569
-1150.000	13.537
-1200.000	13.544
-1250.000	13.551
-1300.000	13.534
-1350.000	13.484
-1400.000	13.450
-1450.000	13.435
-1500.000	13.441
-1550.000	13.445
-1600.000	13.444
-1650.000	13.435
-1700.000	13.428
-1750.000	13.422
-1800.000	13.418
-1850.000	13.417
-1900.000	13.418
-1950.000	13.386
-2000.000	13.378
-2100.000	13.378
-2200.000	13.378
-2300.000	13.378
-2400.000	13.378
-2500.000	13.378
-2600.000	13.378
-2700.000	13.378
-2800.000	13.378
-2900.000	13.378
-3000.000	13.378
-3100.000	13.378
-12000.000	13.378
2019-11-11 10:17:00	79	2
-0.000	20.749
-5.000	20.753
-10.000	20.755
-15.000	20.755
-20.000	20.755
-25.000	20.751
-30.000	20.746
-35.000	19.763
-40.000	17.750
-45.000	16.664
-50.000	16.037
-55.000	15.521
-60.000	15.149
-65.000	14.855
-70.000	14.617
-75.000	14.432
-80.000	14.320
-85.000	14.264
-90.000	14.213
-95.000	14.155
-100.000	14.108
-125.000	14.024
-150.000	14.040
-175.000	14.067
-200.000	14.106
-225.000	14.256
-250.000	14.450
-275.000	14.568
-300.000	14.629
-325.000	14.643
-350.000	14.665
-375.000	14.637
-400.000	14.612
-425.000	14.570
-450.000	14.530
-475.000	14.501
-500.000	14.477
-550.000	14.432
-600.000	14.378
-650.000	14.300
-700.000	14.213
-750.000	14.136
-800.000	14.046
-850.000	13.976
-900.000	13.868
-950.000	13.804
-1000.000	13.723
-1050.000	13.641
-1100.000	13.579
-1150.000	13.537
-1200.000	13.543
-1250.000	13.550
-1300.000	13.537
-1350.000	13.475
-1400.000	13.446
-1450.000	13.440
-1500.000	13.446
-1550.000	13.453
-1600.000	13.455
-1650.000	13.438
-1700.000	13.420
-1750.000	13.418
-1800.000	13.410
-1850.000	13.402
-1900.000	13.400
-1950.000	13.399
-2000.000	13.397
-2100.000	13.397
-2200.000	13.397
-2300.000	13.397
-2400.000	13.397
-2500.000	13.397
-2600.000	13.397
-2700.000	13.397
-2800.000	13.397
-2900.000	13.397
-3000.000	13.397
-3100.000	13.397
-12000.000	13.397
2019-11-14 10:14:00	79	2
-0.000	20.394
-5.000	20.384
-10.000	20.377
-15.000	20.375
-20.000	20.375
-25.000	20.373
-30.000	20.373
-35.000	20.373
-40.000	19.756
-45.000	17.624
-50.000	15.903
-55.000	15.394
-60.000	15.046
-65.000	14.775
-70.000	14.558
-75.000	14.414
-80.000	14.338
-85.000	14.280
-90.000	14.237
-95.000	14.207
-100.000	14.170
-125.000	14.045
-150.000	14.027
-175.000	14.060
-200.000	14.129
-225.000	14.271
-250.000	14.432
-275.000	14.578
-300.000	14.658
-325.000	14.694
-350.000	14.697
-375.000	14.707
-400.000	14.701
-425.000	14.659
-450.000	14.614
-475.000	14.582
-500.000	14.521
-550.000	14.462
-600.000	14.392
-650.000	14.333
-700.000	14.230
-750.000	14.136
-800.000	14.052
-850.000	13.978
-900.000	13.925
-950.000	13.850
-1000.000	13.779
-1050.000	13.708
-1100.000	13.628
-1150.000	13.577
-1200.000	13.542
-1250.000	13.549
-1300.000	13.549
-1350.000	13.512
-1400.000	13.474
-1450.000	13.458
-1500.000	13.442
-1550.000	13.447
-1600.000	13.437
-1650.000	13.427
-1700.000	13.425
-1750.000	13.425
-1800.000	13.419
-1850.000	13.415
-1900.000	13.413
-1950.000	13.410
-2000.000	13.411
-2100.000	13.411
-2200.000	13.411
-2300.000	13.411
-2400.000	13.411
-2500.000	13.411
-2600.000	13.411
-2700.000	13.411
-2800.000	13.411
-2900.000	13.411
-3000.000	13.411
-3100.000	13.411
-12000.000	13.411
2019-11-17 10:22:00	79	2
-0.000	19.635
-5.000	19.628
-10.000	19.621
-15.000	19.619
-20.000	19.614
-25.000	19.606
-30.000	19.603
-35.000	19.500
-40.000	17.906
-45.000	16.041
-50.000	15.432
-55.000	15.131
-60.000	14.873
-65.000	14.686
-70.000	14.538
-75.000	14.429
-80.000	14.341
-85.000	14.274
-90.000	14.221
-95.000	14.165
-100.000	14.116
-125.000	14.028
-150.000	14.032
-175.000	14.074
-200.000	14.111
-225.000	14.315
-250.000	14.492
-275.000	14.599
-300.000	14.655
-325.000	14.677
-350.000	14.665
-375.000	14.647
-400.000	14.630
-425.000	14.606
-450.000	14.563
-475.000	14.537
-500.000	14.482
-550.000	14.428
-600.000	14.350
-650.000	14.273
-700.000	14.166
-750.000	14.100
-800.000	14.006
-850.000	13.957
-900.000	13.839
-950.000	13.760
-1000.000	13.723
-1050.000	13.676
-1100.000	13.589
-1150.000	13.535
-1200.000	13.540
-1250.000	13.513
-1300.000	13.494
-1350.000	13.457
-1400.000	13.435
-1450.000	13.440
-1500.000	13.448
-1550.000	13.455
-1600.000	13.448
-1650.000	13.427
-1700.000	13.418
-1750.000	13.420
-1800.000	13.416
-1850.000	13.407
-1900.000	13.397
-1950.000	13.391
-2000.000	13.391
-2100.000	13.391
-2200.000	13.391
-2300.000	13.391
-2400.000	13.391
-2500.000	13.391
-2600.000	13.391
-2700.000	13.391
-2800.000	13.391
-2900.000	13.391
-3000.000	13.391
-3100.000	13.391
-12000.000	13.391
2019-11-20 10:16:00	79	2
-0.000	18.956
-5.000	18.956
-10.000	18.957
-15.000	18.958
-20.000	18.958
-25.000	18.959
-30.000	18.959
-35.000	18.930
-40.000	18.190
-45.000	16.423
-50.000	15.229
-55.000	14.792
-60.000	14.556
-65.000	14.434
-70.000	14.351
-75.000	14.275
-80.000	14.207
-85.000	14.156
-90.000	14.114
-95.000	14.074
-100.000	14.049
-125.000	14.024
-150.000	14.057
-175.000	14.096
-200.000	14.217
-225.000	14.401
-250.000	14.543
-275.000	14.635
-300.000	14.679
-325.000	14.683
-350.000	14.666
-375.000	14.634
-400.000	14.606
-425.000	14.574
-450.000	14.540
-475.000	14.507
-500.000	14.485
-550.000	14.425
-600.000	14.372
-650.000	14.306
-700.000	14.238
-750.000	14.121
-800.000	14.004
-850.000	13.920
-900.000	13.794
-950.000	13.734
-1000.000	13.648
-1050.000	13.595
-1100.000	13.541
-1150.000	13.534
-1200.000	13.543
-1250.000	13.528
-1300.000	13.510
-1350.000	13.463
-1400.000	13.435
-1450.000	13.441
-1500.000	13.448
-1550.000	13.456
-1600.000	13.451
-1650.000	13.418
-1700.000	13.422
-1750.000	13.422
-1800.000	13.419
-1850.000	13.411
-1900.000	13.398
-1950.000	13.405
-2000.000	13.406
-2100.000	13.406
-2200.000	13.406
-2300.000	13.406
-2400.000	13.406
-2500.000	13.406
-2600.000	13.406
-2700.000	13.406
-2800.000	13.406
-2900.000	13.406
-3000.000	13.406
-3100.000	13.406
-12000.000	13.406
2019-11-23 10:13:00	79	2
-0.000	18.529
-5.000	18.561
-10.000	18.573
-15.000	18.571
-20.000	18.569
-25.000	18.569
-30.000	18.570
-35.000	18.570
-40.000	18.510
-45.000	17.462
-50.000	15.822
-55.000	15.073
-60.000	14.743
-65.000	14.518
-70.000	14.371
-75.000	14.275
-80.000	14.206
-85.000	14.166
-90.000	14.141
-95.000	14.111
-100.000	14.083
-125.000	14.026
-150.000	14.033
-175.000	14.068
-200.000	14.163
-225.000	14.350
-250.000	14.545
-275.000	14.638
-300.000	14.681
-325.000	14.700
-350.000	14.706
-375.000	14.695
-400.000	14.676
-425.000	14.607
-450.000	14.575
-475.000	14.525
-500.000	14.475
-550.000	14.406
-600.000	14.348
-650.000	14.308
-700.000	14.240
-750.000	14.182
-800.000	14.061
-850.000	13.964
-900.000	13.870
-950.000	13.757
-1000.000	13.690
-1050.000	13.571
-1100.000	13.541
-1150.000	13.537
-1200.000	13.547
-1250.000	13.545
-1300.000	13.514
-1350.000	13.467
-1400.000	13.438
-1450.000	13.439
-1500.000	13.443
-1550.000	13.443
-1600.000	13.437
-1650.000	13.422
-1700.000	13.415
-1750.000	13.418
-1800.000	13.414
-1850.000	13.415
-1900.000	13.409
-1950.000	13.408
-2000.000	13.408
-2100.000	13.408
-2200.000	13.408
-2300.000	13.408
-2400.000	13.408
-2500.000	13.408
-2600.000	13.408
-2700.000	13.408
-2800.000	13.408
-2900.000	13.408
-3000.000	13.408
-3100.000	13.408
-12000.000	13.408
2019-11-26 10:12:00	79	2
-0.000	18.531
-5.000	18.525
-10.000	18.520
-15.000	18.518
-20.000	18.515
-25.000	18.512
-30.000	18.513
-35.000	18.513
-40.000	18.510
-45.000	18.198
-50.000	16.630
-55.000	15.274
-60.000	14.891
-65.000	14.608
-70.000	14.455
-75.000	14.359
-80.000	14.273
-85.000	14.208
-90.000	14.168
-95.000	14.136
-100.000	14.102
-125.000	14.029
-150.000	14.040
-175.000	14.067
-200.000	14.119
-225.000	14.330
-250.000	14.505
-275.000	14.605
-300.000	14.681
-325.000	14.704
-350.000	14.704
-375.000	14.666
-400.000	14.640
-425.000	14.586
-450.000	14.559
-475.000	14.525
-500.000	14.504
-550.000	14.423
-600.000	14.349
-650.000	14.280
-700.000	14.212
-750.000	14.126
-800.000	14.005
-850.000	13.942
-900.000	13.854
-950.000	13.801
-1000.000	13.719
-1050.000	13.635
-1100.000	13.548
-1150.000	13.537
-1200.000	13.544
-1250.000	13.548
-1300.000	13.525
-1350.000	13.451
-1400.000	13.436
-1450.000	13.435
-1500.000	13.440
-1550.000	13.447
-1600.000	13.441
-1650.000	13.433
-1700.000	13.432
-1750.000	13.430
-1800.000	13.432
-1850.000	13.407
-1900.000	13.406
-1950.000	13.410
-2000.000	13.410
-2100.000	13.410
-2200.000	13.410
-2300.000	13.410
-2400.000	13.410
-2500.000	13.410
-2600.000	13.410
-2700.000	13.410
-2800.000	13.410
-2900.000	13.410
-3000.000	13.410
-3100.000	13.410
-12000.000	13.410
2019-11-29 10:21:00	79	2
-0.000	18.077
-5.000	18.077
-10.000	18.078
-15.000	18.079
-20.000	18.080
-25.000	18.081
-30.000	18.081
-35.000	18.082
-40.000	18.082
-45.000	17.764
-50.000	16.196
-55.000	14.962
-60.000	14.680
-65.000	14.482
-70.000	14.338
-75.000	14.237
-80.000	14.180
-85.000	14.140
-90.000	14.105
-95.000	14.078
-100.000	14.054
-125.000	14.023
-150.000	14.045
-175.000	14.087
-200.000	14.175
-225.000	14.333
-250.000	14.533
-275.000	14.635
-300.000	14.681
-325.000	14.709
-350.000	14.703
-375.000	14.698
-400.000	14.670
-425.000	14.631
-450.000	14.600
-475.000	14.560
-500.000	14.515
-550.000	14.458
-600.000	14.430
-650.000	14.363
-700.000	14.235
-750.000	14.091
-800.000	14.050
-850.000	13.981
-900.000	13.903
-950.000	13.816
-1000.000	13.735
-1050.000	13.674
-1100.000	13.567
-1150.000	13.537
-1200.000	13.546
-1250.000	13.513
-1300.000	13.485
-1350.000	13.456
-1400.000	13.442
-1450.000	13.435
-1500.000	13.441
-1550.000	13.447
-1600.000	13.445
-1650.000	13.430
-1700.000	13.422
-1750.000	13.426
-1800.000	13.424
-1850.000	13.420
-1900.000	13.400
-1950.000	13.395
-2000.000	13.395
-2100.000	13.395
-2200.000	13.395
-2300.000	13.395
-2400.000	13.395
-2500.000	13.395
-2600.000	13.395
-2700.000	13.395
-2800.000	13.395
-2900.000	13.395
-3000.000	13.395
-3100.000	13.395
-12000.000	13.395
2019-12-02 10:18:00	79	2
-0.000	17.785
-5.000	17.782
-10.000	17.780
-15.000	17.780
-20.000	17.781
-25.000	17.781
-30.000	17.782
-35.000	17.783
-40.000	17.784
-45.000	17.785
-50.000	17.694
-55.000	16.601
-60.000	15.224
-65.000	14.657
-70.000	14.510
-75.000	14.384
-80.000	14.312
-85.000	14.261
-90.000	14.206
-95.000	14.157
-100.000	14.114
-125.000	14.030
-150.000	14.029
-175.000	14.056
-200.000	14.102
-225.000	14.247
-250.000	14.432
-275.000	14.554
-300.000	14.636
-325.000	14.665
-350.000	14.667
-375.000	14.654
-400.000	14.633
-425.000	14.576
-450.000	14.529
-475.000	14.508
-500.000	14.490
-550.000	14.442
-600.000	14.421
-650.000	14.360
-700.000	14.264
-750.000	14.158
-800.000	14.062
-850.000	13.967
-900.000	13.916
-950.000	13.822
-1000.000	13.739
-1050.000	13.699
-1100.000	13.614
-1150.000	13.571
-1200.000	13.546
-1250.000	13.524
-1300.000	13.478
-1350.000	13.459
-1400.000	13.454
-1450.000	13.438
-1500.000	13.443
-1550.000	13.450
-1600.000	13.456
-1650.000	13.458
-1700.000	13.461
-1750.000	13.440
-1800.000	13.440
-1850.000	13.440
-1900.000	13.429
-1950.000	13.416
-2000.000	13.417
-2100.000	13.417
-2200.000	13.417
-2300.000	13.417
-2400.000	13.417
-2500.000	13.417
-2600.000	13.417
-2700.000	13.417
-2800.000	13.417
-2900.000	13.417
-3000.000	13.417
-3100.000	13.417
-12000.000	13.417
2019-12-05 10:20:00	79	2
-0.000	17.915
-5.000	17.917
-10.000	17.919
-15.000	17.918
-20.000	17.912
-25.000	17.908
-30.000	17.902
-35.000	17.898
-40.000	17.890
-45.000	17.629
-50.000	16.797
-55.000	15.555
-60.000	14.796
-65.000	14.585
-70.000	14.480
-75.000	14.395
-80.000	14.293
-85.000	14.218
-90.000	14.168
-95.000	14.129
-100.000	14.102
-125.000	14.028
-150.000	14.037
-175.000	14.067
-200.000	14.110
-225.000	14.233
-250.000	14.454
-275.000	14.548
-300.000	14.635
-325.000	14.684
-350.000	14.699
-375.000	14.700
-400.000	14.681
-425.000	14.627
-450.000	14.549
-475.000	14.509
-500.000	14.506
-550.000	14.446
-600.000	14.379
-650.000	14.309
-700.000	14.228
-750.000	14.130
-800.000	14.024
-850.000	13.971
-900.000	13.859
-950.000	13.776
-1000.000	13.716
-1050.000	13.664
-1100.000	13.607
-1150.000	13.548
-1200.000	13.541
-1250.000	13.544
-1300.000	13.503
-1350.000	13.460
-1400.000	13.442
-1450.000	13.445
-1500.000	13.447
-1550.000	13.454
-1600.000	13.457
-1650.000	13.451
-1700.000	13.435
-1750.000	13.428
-1800.000	13.425
-1850.000	13.418
-1900.000	13.410
-1950.000	13.406
-2000.000	13.402
-2100.000	13.402
-2200.000	13.402
-2300.000	13.402
-2400.000	13.402
-2500.000	13.402
-2600.000	13.402
-2700.000	13.402
-2800.000	13.402
-2900.000	13.402
-3000.000	13.402
-3100.000	13.402
-12000.000	13.402
2019-12-08 10:16:00	79	2
-0.000	17.921
-5.000	17.898
-10.000	17.885
-15.000	17.881
-20.000	17.879
-25.000	17.880
-30.000	17.883
-35.000	17.886
-40.000	17.891
-45.000	17.896
-50.000	17.876
-55.000	17.376
-60.000	16.025
-65.000	14.953
-70.000	14.731
-75.000	14.587
-80.000	14.427
-85.000	14.304
-90.000	14.228
-95.000	14.184
-100.000	14.149
-125.000	14.040
-150.000	14.031
-175.000	14.067
-200.000	14.123
-225.000	14.250
-250.000	14.428
-275.000	14.580
-300.000	14.640
-325.000	14.664
-350.000	14.673
-375.000	14.662
-400.000	14.641
-425.000	14.608
-450.000	14.539
-475.000	14.520
-500.000	14.506
-550.000	14.464
-600.000	14.403
-650.000	14.338
-700.000	14.245
-750.000	14.165
-800.000	14.055
-850.000	13.957
-900.000	13.858
-950.000	13.760
-1000.000	13.709
-1050.000	13.648
-1100.000	13.576
-1150.000	13.539
-1200.000	13.544
-1250.000	13.536
-1300.000	13.490
-1350.000	13.477
-1400.000	13.441
-1450.000	13.437
-1500.000	13.442
-1550.000	13.448
-1600.000	13.451
-1650.000	13.447
-1700.000	13.434
-1750.000	13.426
-1800.000	13.424
-1850.000	13.424
-1900.000	13.413
-1950.000	13.413
-2000.000	13.413
-2100.000	13.413
-2200.000	13.413
-2300.000	13.413
-2400.000	13.413
-2500.000	13.413
-2600.000	13.413
-2700.000	13.413
-2800.000	13.413
-2900.000	13.413
-3000.000	13.413
-3100.000	13.413
-12000.000	13.413
2019-12-11 10:17:00	79	2
-0.000	17.474
-5.000	17.476
-10.000	17.477
-15.000	17.478
-20.000	17.479
-25.000	17.481
-30.000	17.482
-35.000	17.482
-40.000	17.479
-45.000	17.463
-50.000	17.075
-55.000	16.113
-60.000	15.066
-65.000	14.535
-70.000	14.356
-75.000	14.251
-80.000	14.175
-85.000	14.121
-90.000	14.086
-95.000	14.066
-100.000	14.052
-125.000	14.021
-150.000	14.038
-175.000	14.072
-200.000	14.110
-225.000	14.238
-250.000	14.432
-275.000	14.591
-300.000	14.699
-325.000	14.710
-350.000	14.692
-375.000	14.668
-400.000	14.642
-425.000	14.597
-450.000	14.557
-475.000	14.519
-500.000	14.495
-550.000	14.460
-600.000	14.403
-650.000	14.348
-700.000	14.229
-750.000	14.169
-800.000	14.097
-850.000	14.011
-900.000	13.927
-950.000	13.837
-1000.000	13.747
-1050.000	13.709
-1100.000	13.638
-1150.000	13.553
-1200.000	13.534
-1250.000	13.533
-1300.000	13.524
-1350.000	13.482
-1400.000	13.447
-1450.000	13.440
-1500.000	13.443
-1550.000	13.448
-1600.000	13.444
-1650.000	13.428
-1700.000	13.422
-1750.000	13.424
-1800.000	13.419
-1850.000	13.405
-1900.000	13.408
-1950.000	13.404
-2000.000	13.404
-2100.000	13.404
-2200.000	13.404
-2300.000	13.404
-2400.000	13.404
-2500.000	13.404
-2600.000	13.404
-2700.000	13.404
-2800.000	13.404
-2900.000	13.404
-3000.000	13.404
-3100.000	13.404
-12000.000	13.404
2019-12-14 10:19:00	79	2
-0.000	16.808
-5.000	16.806
-10.000	16.803
-15.000	16.801
-20.000	16.801
-25.000	16.803
-30.000	16.804
-35.000	16.806
-40.000	16.803
-45.000	16.790
-50.000	16.761
-55.000	16.699
-60.000	16.503
-65.000	15.955
-70.000	15.187
-75.000	14.497
-80.000	14.258
-85.000	14.195
-90.000	14.146
-95.000	14.114
-100.000	14.091
-125.000	14.026
-150.000	14.036
-175.000	14.077
-200.000	14.159
-225.000	14.378
-250.000	14.497
-275.000	14.619
-300.000	14.688
-325.000	14.788
-350.000	14.804
-375.000	14.792
-400.000	14.773
-425.000	14.703
-450.000	14.623
-475.000	14.555
-500.000	14.531
-550.000	14.493
-600.000	14.430
-650.000	14.387
-700.000	14.278
-750.000	14.166
-800.000	14.086
-850.000	14.011
-900.000	13.912
-950.000	13.829
-1000.000	13.769
-1050.000	13.717
-1100.000	13.631
-1150.000	13.576
-1200.000	13.553
-1250.000	13.528
-1300.000	13.512
-1350.000	13.481
-1400.000	13.443
-1450.000	13.437
-1500.000	13.440
-1550.000	13.447
-1600.000	13.434
-1650.000	13.420
-1700.000	13.416
-1750.000	13.412
-1800.000	13.410
-1850.000	13.405
-1900.000	13.402
-1950.000	13.400
-2000.000	13.401
-2100.000	13.401
-2200.000	13.401
-2300.000	13.401
-2400.000	13.401
-2500.000	13.401
-2600.000	13.401
-2700.000	13.401
-2800.000	13.401
-2900.000	13.401
-3000.000	13.401
-3100.000	13.401
-12000.000	13.401
2019-12-17 10:15:00	79	2
-0.000	16.908
-5.000	16.907
-10.000	16.907
-15.000	16.906
-20.000	16.905
-25.000	16.905
-30.000	16.901
-35.000	16.899
-40.000	16.901
-45.000	16.897
-50.000	16.880
-55.000	16.815
-60.000	16.529
-65.000	15.871
-70.000	15.163
-75.000	14.680
-80.000	14.398
-85.000	14.258
-90.000	14.166
-95.000	14.124
-100.000	14.104
-125.000	14.030
-150.000	14.028
-175.000	14.067
-200.000	14.109
-225.000	14.287
-250.000	14.471
-275.000	14.605
-300.000	14.652
-325.000	14.678
-350.000	14.684
-375.000	14.685
-400.000	14.649
-425.000	14.592
-450.000	14.558
-475.000	14.536
-500.000	14.518
-550.000	14.462
-600.000	14.394
-650.000	14.313
-700.000	14.240
-750.000	14.157
-800.000	14.095
-850.000	14.009
-900.000	13.903
-950.000	13.785
-1000.000	13.740
-1050.000	13.717
-1100.000	13.650
-1150.000	13.587
-1200.000	13.543
-1250.000	13.541
-1300.000	13.524
-1350.000	13.508
-1400.000	13.490
-1450.000	13.466
-1500.000	13.454
-1550.000	13.455
-1600.000	13.464
-1650.000	13.468
-1700.000	13.455
-1750.000	13.447
-1800.000	13.439
-1850.000	13.437
-1900.000	13.430
-1950.000	13.417
-2000.000	13.413
-2100.000	13.413
-2200.000	13.413
-2300.000	13.413
-2400.000	13.413
-2500.000	13.413
-2600.000	13.413
-2700.000	13.413
-2800.000	13.413
-2900.000	13.413
-3000.000	13.413
-3100.000	13.413
-12000.000	13.413
2019-12-20 10:18:00	79	2
-0.000	16.720
-5.000	16.719
-10.000	16.718
-15.000	16.716
-20.000	16.713
-25.000	16.714
-30.000	16.717
-35.000	16.728
-40.000	16.753
-45.000	16.769
-50.000	16.769
-55.000	16.764
-60.000	16.648
-65.000	16.122
-70.000	15.352
-75.000	14.804
-80.000	14.461
-85.000	14.239
-90.000	14.171
-95.000	14.125
-100.000	14.090
-125.000	14.030
-150.000	14.044
-175.000	14.084
-200.000	14.167
-225.000	14.352
-250.000	14.511
-275.000	14.569
-300.000	14.603
-325.000	14.629
-350.000	14.613
-375.000	14.611
-400.000	14.596
-425.000	14.552
-450.000	14.515
-475.000	14.489
-500.000	14.462
-550.000	14.387
-600.000	14.337
-650.000	14.275
-700.000	14.166
-750.000	14.063
-800.000	14.005
-850.000	13.933
-900.000	13.831
-950.000	13.756
-1000.000	13.679
-1050.000	13.642
-1100.000	13.572
-1150.000	13.543
-1200.000	13.518
-1250.000	13.506
-1300.000	13.491
-1350.000	13.466
-1400.000	13.440
-1450.000	13.439
-1500.000	13.446
-1550.000	13.456
-1600.000	13.455
-1650.000	13.442
-1700.000	13.435
-1750.000	13.432
-1800.000	13.435
-1850.000	13.430
-1900.000	13.420
-1950.000	13.419
-2000.000	13.417
-2100.000	13.417
-2200.000	13.417
-2300.000	13.417
-2400.000	13.417
-2500.000	13.417
-2600.000	13.417
-2700.000	13.417
-2800.000	13.417
-2900.000	13.417
-3000.000	13.417
-3100.000	13.417
-12000.000	13.417
2019-12-23 10:17:00	79	2
-0.000	16.565
-5.000	16.566
-10.000	16.567
-15.000	16.568
-20.000	16.568
-25.000	16.569
-30.000	16.572
-35.000	16.575
-40.000	16.576
-45.000	16.576
-50.000	16.577
-55.000	16.577
-60.000	16.576
-65.000	16.564
-70.000	16.452
-75.000	15.891
-80.000	15.039
-85.000	14.476
-90.000	14.260
-95.000	14.194
-100.000	14.159
-125.000	14.048
-150.000	14.044
-175.000	14.069
-200.000	14.154
-225.000	14.385
-250.000	14.498
-275.000	14.578
-300.000	14.614
-325.000	14.624
-350.000	14.622
-375.000	14.607
-400.000	14.569
-425.000	14.547
-450.000	14.519
-475.000	14.479
-500.000	14.442
-550.000	14.412
-600.000	14.368
-650.000	14.293
-700.000	14.260
-750.000	14.058
-800.000	13.949
-850.000	13.877
-900.000	13.780
-950.000	13.739
-1000.000	13.686
-1050.000	13.625
-1100.000	13.557
-1150.000	13.529
-1200.000	13.538
-1250.000	13.539
-1300.000	13.507
-1350.000	13.465
-1400.000	13.444
-1450.000	13.446
-1500.000	13.454
-1550.000	13.460
-1600.000	13.462
-1650.000	13.450
-1700.000	13.427
-1750.000	13.425
-1800.000	13.417
-1850.000	13.405
-1900.000	13.404
-1950.000	13.405
-2000.000	13.405
-2100.000	13.405
-2200.000	13.405
-2300.000	13.405
-2400.000	13.405
-2500.000	13.405
-2600.000	13.405
-2700.000	13.405
-2800.000	13.405
-2900.000	13.405
-3000.000	13.405
-3100.000	13.405
-12000.000	13.405
2019-12-26 10:25:00	79	2
-0.000	16.254
-5.000	16.243
-10.000	16.235
-15.000	16.233
-20.000	16.232
-25.000	16.232
-30.000	16.233
-35.000	16.233
-40.000	16.233
-45.000	16.234
-50.000	16.234
-55.000	16.235
-60.000	16.235
-65.000	16.235
-70.000	16.235
-75.000	16.235
-80.000	16.236
-85.000	16.235
-90.000	16.166
-95.000	15.524
-100.000	14.648
-125.000	14.132
-150.000	14.056
-175.000	14.058
-200.000	14.102
-225.000	14.271
-250.000	14.485
-275.000	14.558
-300.000	14.599
-325.000	14.622
-350.000	14.612
-375.000	14.606
-400.000	14.570
-425.000	14.547
-450.000	14.521
-475.000	14.486
-500.000	14.458
-550.000	14.403
-600.000	14.345
-650.000	14.303
-700.000	14.249
-750.000	14.111
-800.000	14.033
-850.000	13.883
-900.000	13.765
-950.000	13.700
-1000.000	13.642
-1050.000	13.601
-1100.000	13.529
-1150.000	13.541
-1200.000	13.549
-1250.000	13.558
-1300.000	13.518
-1350.000	13.456
-1400.000	13.438
-1450.000	13.447
-1500.000	13.454
-1550.000	13.461
-1600.000	13.468
-1650.000	13.440
-1700.000	13.426
-1750.000	13.434
-1800.000	13.437
-1850.000	13.401
-1900.000	13.405
-1950.000	13.413
-2000.000	13.414
-2100.000	13.414
-2200.000	13.414
-2300.000	13.414
-2400.000	13.414
-2500.000	13.414
-2600.000	13.414
-2700.000	13.414
-2800.000	13.414
-2900.000	13.414
-3000.000	13.414
-3100.000	13.414
-12000.000	13.414
2019-12-29 10:19:00	79	2
-0.000	16.140
-5.000	16.142
-10.000	16.141
-15.000	16.139
-20.000	16.138
-25.000	16.141
-30.000	16.143
-35.000	16.144
-40.000	16.141
-45.000	16.141
-50.000	16.143
-55.000	16.144
-60.000	16.145
-65.000	16.145
-70.000	16.148
-75.000	16.151
-80.000	16.097
-85.000	15.527
-90.000	14.667
-95.000	14.262
-100.000	14.182
-125.000	14.052
-150.000	14.032
-175.000	14.056
-200.000	14.091
-225.000	14.240
-250.000	14.449
-275.000	14.548
-300.000	14.586
-325.000	14.616
-350.000	14.614
-375.000	14.607
-400.000	14.603
-425.000	14.587
-450.000	14.553
-475.000	14.500
-500.000	14.474
-550.000	14.411
-600.000	14.335
-650.000	14.238
-700.000	14.207
-750.000	14.174
-800.000	14.002
-850.000	13.921
-900.000	13.833
-950.000	13.731
-1000.000	13.638
-1050.000	13.573
-1100.000	13.535
-1150.000	13.516
-1200.000	13.515
-1250.000	13.498
-1300.000	13.488
-1350.000	13.457
-1400.000	13.440
-1450.000	13.445
-1500.000	13.453
-1550.000	13.460
-1600.000	13.467
-1650.000	13.431
-1700.000	13.426
-1750.000	13.433
-1800.000	13.419
-1850.000	13.402
-1900.000	13.401
-1950.000	13.408
-2000.000	13.408
-2100.000	13.408
-2200.000	13.408
-2300.000	13.408
-2400.000	13.408
-2500.000	13.408
-2600.000	13.408
-2700.000	13.408
-2800.000	13.408
-2900.000	13.408
-3000.000	13.408
-3100.000	13.408
-12000.000	13.408
2020-01-01 10:15:00	79	2
-0.000	15.613
-5.000	15.614
-10.000	15.614
-15.000	15.614
-20.000	15.614
-25.000	15.614
-30.000	15.614
-35.000	15.614
-40.000	15.614
-45.000	15.615
-50.000	15.614
-55.000	15.612
-60.000	15.601
-65.000	15.496
-70.000	15.281
-75.000	14.925
-80.000	14.523
-85.000	14.250
-90.000	14.152
-95.000	14.108
-100.000	14.078
-125.000	14.028
-150.000	14.042
-175.000	14.079
-200.000	14.151
-225.000	14.303
-250.000	14.498
-275.000	14.579
-300.000	14.607
-325.000	14.605
-350.000	14.612
-375.000	14.607
-400.000	14.577
-425.000	14.548
-450.000	14.517
-475.000	14.473
-500.000	14.447
-550.000	14.366
-600.000	14.333
-650.000	14.270
-700.000	14.216
-750.000	14.099
-800.000	14.003
-850.000	13.944
-900.000	13.792
-950.000	13.670
-1000.000	13.588
-1050.000	13.562
-1100.000	13.521
-1150.000	13.516
-1200.000	13.493
-1250.000	13.469
-1300.000	13.442
-1350.000	13.416
-1400.000	13.435
-1450.000	13.445
-1500.000	13.452
-1550.000	13.448
-1600.000	13.410
-1650.000	13.418
-1700.000	13.427
-1750.000	13.432
-1800.000	13.401
-1850.000	13.396
-1900.000	13.402
-1950.000	13.381
-2000.000	13.378
-2100.000	13.378
-2200.000	13.378
-2300.000	13.378
-2400.000	13.378
-2500.000	13.378
-2600.000	13.378
-2700.000	13.378
-2800.000	13.378
-2900.000	13.378
-3000.000	13.378
-3100.000	13.378
-12000.000	13.378
2020-01-04 10:18:00	79	2
-0.000	15.707
-5.000	15.704
-10.000	15.701
-15.000	15.697
-20.000	15.694
-25.000	15.693
-30.000	15.693
-35.000	15.693
-40.000	15.694
-45.000	15.695
-50.000	15.695
-55.000	15.695
-60.000	15.695
-65.000	15.673
-70.000	15.598
-75.000	15.378
-80.000	15.055
-85.000	14.697
-90.000	14.358
-95.000	14.171
-100.000	14.112
-125.000	14.054
-150.000	14.060
-175.000	14.082
-200.000	14.272
-225.000	14.446
-250.000	14.558
-275.000	14.598
-300.000	14.617
-325.000	14.599
-350.000	14.597
-375.000	14.558
-400.000	14.533
-425.000	14.503
-450.000	14.478
-475.000	14.456
-500.000	14.414
-550.000	14.375
-600.000	14.319
-650.000	14.245
-700.000	14.201
-750.000	14.064
-800.000	13.985
-850.000	13.826
-900.000	13.702
-950.000	13.626
-1000.000	13.594
-1050.000	13.528
-1100.000	13.513
-1150.000	13.518
-1200.000	13.528
-1250.000	13.490
-1300.000	13.423
-1350.000	13.430
-1400.000	13.437
-1450.000	13.445
-1500.000	13.452
-1550.000	13.446
-1600.000	13.412
-1650.000	13.418
-1700.000	13.426
-1750.000	13.433
-1800.000	13.393
-1850.000	13.396
-1900.000	13.401
-1950.000	13.378
-2000.000	13.380
-2100.000	13.380
-2200.000	13.380
-2300.000	13.380
-2400.000	13.380
-2500.000	13.380
-2600.000	13.380
-2700.000	13.380
-2800.000	13.380
-2900.000	13.380
-3000.000	13.380
-3100.000	13.380
-12000.000	13.380
2020-01-07 10:17:00	79	2
-0.000	15.704
-5.000	15.704
-10.000	15.703
-15.000	15.703
-20.000	15.703
-25.000	15.704
-30.000	15.704
-35.000	15.705
-40.000	15.706
-45.000	15.707
-50.000	15.708
-55.000	15.708
-60.000	15.710
-65.000	15.711
-70.000	15.711
-75.000	15.712
-80.000	15.714
-85.000	15.715
-90.000	15.716
-95.000	15.716
-100.000	15.715
-125.000	14.161
-150.000	14.123
-175.000	14.141
-200.000	14.331
-225.000	14.454
-250.000	14.531
-275.000	14.581
-300.000	14.609
-325.000	14.596
-350.000	14.580
-375.000	14.554
-400.000	14.546
-425.000	14.525
-450.000	14.470
-475.000	14.435
-500.000	14.404
-550.000	14.340
-600.000	14.284
-650.000	14.186
-700.000	14.155
-750.000	14.026
-800.000	13.927
-850.000	13.855
-900.000	13.763
-950.000	13.620
-1000.000	13.565
-1050.000	13.541
-1100.000	13.527
-1150.000	13.539
-1200.000	13.539
-1250.000	13.469
-1300.000	13.422
-1350.000	13.429
-1400.000	13.437
-1450.000	13.444
-1500.000	13.451
-1550.000	13.444
-1600.000	13.410
-1650.000	13.418
-1700.000	13.425
-1750.000	13.402
-1800.000	13.389
-1850.000	13.396
-1900.000	13.399
-1950.000	13.388
-2000.000	13.387
-2100.000	13.387
-2200.000	13.387
-2300.000	13.387
-2400.000	13.387
-2500.000	13.387
-2600.000	13.387
-2700.000	13.387
-2800.000	13.387
-2900.000	13.387
-3000.000	13.387
-3100.000	13.387
-12000.000	13.387
2020-01-10 10:20:00	79	2
-0.000	15.270
-5.000	15.435
-10.000	15.600
-15.000	15.609
-20.000	15.579
-25.000	15.555
-30.000	15.538
-35.000	15.531
-40.000	15.532
-45.000	15.534
-50.000	15.536
-55.000	15.540
-60.000	15.540
-65.000	15.537
-70.000	15.532
-75.000	15.522
-80.000	15.486
-85.000	15.203
-90.000	14.624
-95.000	14.232
-100.000	14.144
-125.000	14.053
-150.000	14.062
-175.000	14.143
-200.000	14.289
-225.000	14.478
-250.000	14.528
-275.000	14.547
-300.000	14.582
-325.000	14.602
-350.000	14.588
-375.000	14.584
-400.000	14.531
-425.000	14.482
-450.000	14.470
-475.000	14.433
-500.000	14.392
-550.000	14.288
-600.000	14.212
-650.000	14.162
-700.000	14.129
-750.000	14.032
-800.000	13.876
-850.000	13.825
-900.000	13.752
-950.000	13.695
-1000.000	13.614
-1050.000	13.543
-1100.000	13.530
-1150.000	13.537
-1200.000	13.544
-1250.000	13.465
-1300.000	13.422
-1350.000	13.431
-1400.000	13.439
-1450.000	13.445
-1500.000	13.453
-1550.000	13.455
-1600.000	13.415
-1650.000	13.419
-1700.000	13.426
-1750.000	13.417
-1800.000	13.390
-1850.000	13.398
-1900.000	13.405
-1950.000	13.403
-2000.000	13.396
-2100.000	13.396
-2200.000	13.396
-2300.000	13.396
-2400.000	13.396
-2500.000	13.396
-2600.000	13.396
-2700.000	13.396
-2800.000	13.396
-2900.000	13.396
-3000.000	13.396
-3100.000	13.396
-12000.000	13.396
2020-01-13 10:13:00	79	2
-0.000	15.049
-5.000	15.098
-10.000	15.285
-15.000	15.456
-20.000	15.515
-25.000	15.532
-30.000	15.542
-35.000	15.569
-40.000	15.583
-45.000	15.565
-50.000	15.551
-55.000	15.537
-60.000	15.514
-65.000	15.498
-70.000	15.495
-75.000	15.492
-80.000	15.491
-85.000	15.490
-90.000	15.478
-95.000	15.416
-100.000	15.207
-125.000	14.138
-150.000	14.118
-175.000	14.171
-200.000	14.313
-225.000	14.508
-250.000	14.572
-275.000	14.617
-300.000	14.564
-325.000	14.595
-350.000	14.584
-375.000	14.563
-400.000	14.523
-425.000	14.500
-450.000	14.482
-475.000	14.444
-500.000	14.443
-550.000	14.323
-600.000	14.286
-650.000	14.269
-700.000	14.192
-750.000	14.114
-800.000	14.009
-850.000	13.820
-900.000	13.739
-950.000	13.612
-1000.000	13.607
-1050.000	13.527
-1100.000	13.532
-1150.000	13.539
-1200.000	13.508
-1250.000	13.429
-1300.000	13.424
-1350.000	13.431
-1400.000	13.439
-1450.000	13.447
-1500.000	13.454
-1550.000	13.437
-1600.000	13.411
-1650.000	13.418
-1700.000	13.425
-1750.000	13.402
-1800.000	13.390
-1850.000	13.397
-1900.000	13.404
-1950.000	13.397
-2000.000	13.382
-2100.000	13.382
-2200.000	13.382
-2300.000	13.382
-2400.000	13.382
-2500.000	13.382
-2600.000	13.382
-2700.000	13.382
-2800.000	13.382
-2900.000	13.382
-3000.000	13.382
-3100.000	13.382
-12000.000	13.382
2020-01-16 10:21:00	79	2
-0.000	14.927
-5.000	15.332
-10.000	15.450
-15.000	15.447
-20.000	15.446
-25.000	15.446
-30.000	15.446
-35.000	15.445
-40.000	15.443
-45.000	15.442
-50.000	15.442
-55.000	15.444
-60.000	15.447
-65.000	15.450
-70.000	15.455
-75.000	15.463
-80.000	15.450
-85.000	15.248
-90.000	14.755
-95.000	14.320
-100.000	14.152
-125.000	14.034
-150.000	14.048
-175.000	14.090
-200.000	14.183
-225.000	14.420
-250.000	14.537
-275.000	14.587
-300.000	14.626
-325.000	14.632
-350.000	14.592
-375.000	14.586
-400.000	14.558
-425.000	14.534
-450.000	14.492
-475.000	14.448
-500.000	14.425
-550.000	14.398
-600.000	14.276
-650.000	14.252
-700.000	14.176
-750.000	14.091
-800.000	13.982
-850.000	13.801
-900.000	13.726
-950.000	13.685
-1000.000	13.600
-1050.000	13.527
-1100.000	13.531
-1150.000	13.538
-1200.000	13.512
-1250.000	13.478
-1300.000	13.456
-1350.000	13.452
-1400.000	13.444
-1450.000	13.451
-1500.000	13.452
-1550.000	13.450
-1600.000	13.418
-1650.000	13.419
-1700.000	13.413
-1750.000	13.408
-1800.000	13.390
-1850.000	13.396
-1900.000	13.398
-1950.000	13.383
-2000.000	13.382
-2100.000	13.382
-2200.000	13.382
-2300.000	13.382
-2400.000	13.382
-2500.000	13.382
-2600.000	13.382
-2700.000	13.382
-2800.000	13.382
-2900.000	13.382
-3000.000	13.382
-3100.000	13.382
-12000.000	13.382
2020-01-19 10:14:00	79	2
-0.000	15.425
-5.000	15.419
-10.000	15.414
-15.000	15.412
-20.000	15.410
-25.000	15.410
-30.000	15.410
-35.000	15.410
-40.000	15.411
-45.000	15.411
-50.000	15.411
-55.000	15.411
-60.000	15.412
-65.000	15.412
-70.000	15.411
-75.000	15.412
-80.000	15.413
-85.000	15.416
-90.000	15.418
-95.000	15.419
-100.000	15.418
-125.000	14.148
-150.000	14.054
-175.000	14.069
-200.000	14.157
-225.000	14.357
-250.000	14.507
-275.000	14.591
-300.000	14.649
-325.000	14.614
-350.000	14.623
-375.000	14.615
-400.000	14.594
-425.000	14.551
-450.000	14.532
-475.000	14.468
-500.000	14.440
-550.000	14.366
-600.000	14.273
-650.000	14.213
-700.000	14.203
-750.000	14.113
-800.000	13.986
-850.000	13.866
-900.000	13.757
-950.000	13.702
-1000.000	13.663
-1050.000	13.523
-1100.000	13.530
-1150.000	13.522
-1200.000	13.512
-1250.000	13.501
-1300.000	13.457
-1350.000	13.435
-1400.000	13.443
-1450.000	13.446
-1500.000	13.451
-1550.000	13.443
-1600.000	13.416
-1650.000	13.421
-1700.000	13.422
-1750.000	13.413
-1800.000	13.394
-1850.000	13.396
-1900.000	13.402
-1950.000	13.406
-2000.000	13.406
-2100.000	13.406
-2200.000	13.406
-2300.000	13.406
-2400.000	13.406
-2500.000	13.406
-2600.000	13.406
-2700.000	13.406
-2800.000	13.406
-2900.000	13.406
-3000.000	13.406
-3100.000	13.406
-12000.000	13.406
