2018-12-21 10:14:00	79	2
-0.000	37.703
-5.000	37.706
-10.000	37.708
-15.000	37.709
-20.000	37.710
-25.000	37.713
-30.000	37.719
-35.000	37.728
-40.000	37.741
-45.000	37.755
-50.000	37.763
-55.000	37.783
-60.000	37.836
-65.000	37.900
-70.000	37.966
-75.000	38.017
-80.000	38.068
-85.000	38.127
-90.000	38.180
-95.000	38.218
-100.000	38.250
-125.000	38.470
-150.000	38.515
-175.000	38.628
-200.000	38.751
-225.000	38.795
-250.000	38.823
-275.000	38.821
-300.000	38.819
-325.000	38.826
-350.000	38.828
-375.000	38.826
-400.000	38.821
-425.000	38.816
-450.000	38.809
-475.000	38.800
-500.000	38.787
-550.000	38.765
-600.000	38.742
-650.000	38.720
-700.000	38.700
-750.000	38.671
-800.000	38.662
-850.000	38.648
-900.000	38.646
-950.000	38.601
-1000.000	38.601
-1050.000	38.601
-1100.000	38.601
-1150.000	38.591
-1200.000	38.574
-1250.000	38.560
-1300.000	38.561
-1350.000	38.561
-1400.000	38.560
-1450.000	38.559
-1500.000	38.553
-1550.000	38.545
-1600.000	38.544
-1650.000	38.541
-1700.000	38.534
-1750.000	38.529
-1800.000	38.529
-1850.000	38.525
-1900.000	38.523
-1950.000	38.519
-2000.000	38.519
-2100.000	38.519
-2200.000	38.519
-2300.000	38.519
-2400.000	38.519
-2500.000	38.519
-2600.000	38.519
-2700.000	38.519
-2800.000	38.519
-2900.000	38.519
-3000.000	38.519
-3100.000	38.519
-12000.000	38.519
2018-12-28 10:16:00	79	2
-0.000	37.755
-5.000	37.760
-10.000	37.764
-15.000	37.765
-20.000	37.765
-25.000	37.765
-30.000	37.765
-35.000	37.765
-40.000	37.765
-45.000	37.765
-50.000	37.765
-55.000	37.765
-60.000	37.766
-65.000	37.766
-70.000	37.786
-75.000	37.855
-80.000	37.940
-85.000	38.009
-90.000	38.070
-95.000	38.122
-100.000	38.170
-125.000	38.373
-150.000	38.563
-175.000	38.667
-200.000	38.719
-225.000	38.776
-250.000	38.809
-275.000	38.820
-300.000	38.832
-325.000	38.830
-350.000	38.831
-375.000	38.834
-400.000	38.832
-425.000	38.820
-450.000	38.812
-475.000	38.799
-500.000	38.789
-550.000	38.771
-600.000	38.744
-650.000	38.725
-700.000	38.703
-750.000	38.692
-800.000	38.670
-850.000	38.648
-900.000	38.646
-950.000	38.602
-1000.000	38.602
-1050.000	38.602
-1100.000	38.602
-1150.000	38.585
-1200.000	38.568
-1250.000	38.563
-1300.000	38.562
-1350.000	38.562
-1400.000	38.562
-1450.000	38.557
-1500.000	38.547
-1550.000	38.545
-1600.000	38.545
-1650.000	38.543
-1700.000	38.536
-1750.000	38.533
-1800.000	38.530
-1850.000	38.528
-1900.000	38.525
-1950.000	38.521
-2000.000	38.521
-2100.000	38.521
-2200.000	38.521
-2300.000	38.521
-2400.000	38.521
-2500.000	38.521
-2600.000	38.521
-2700.000	38.521
-2800.000	38.521
-2900.000	38.521
-3000.000	38.521
-3100.000	38.521
-12000.000	38.521
2019-01-04 10:13:00	79	2
-0.000	37.874
-5.000	37.874
-10.000	37.875
-15.000	37.875
-20.000	37.875
-25.000	37.876
-30.000	37.883
-35.000	37.906
-40.000	37.942
-45.000	37.968
-50.000	37.975
-55.000	37.976
-60.000	37.976
-65.000	37.977
-70.000	37.985
-75.000	38.013
-80.000	38.066
-85.000	38.126
-90.000	38.177
-95.000	38.212
-100.000	38.239
-125.000	38.477
-150.000	38.541
-175.000	38.669
-200.000	38.741
-225.000	38.777
-250.000	38.795
-275.000	38.808
-300.000	38.789
-325.000	38.797
-350.000	38.817
-375.000	38.825
-400.000	38.821
-425.000	38.818
-450.000	38.821
-475.000	38.811
-500.000	38.795
-550.000	38.771
-600.000	38.749
-650.000	38.730
-700.000	38.706
-750.000	38.677
-800.000	38.670
-850.000	38.648
-900.000	38.647
-950.000	38.602
-1000.000	38.601
-1050.000	38.601
-1100.000	38.601
-1150.000	38.591
-1200.000	38.572
-1250.000	38.563
-1300.000	38.561
-1350.000	38.561
-1400.000	38.561
-1450.000	38.561
-1500.000	38.554
-1550.000	38.546
-1600.000	38.545
-1650.000	38.545
-1700.000	38.540
-1750.000	38.535
-1800.000	38.530
-1850.000	38.529
-1900.000	38.525
-1950.000	38.522
-2000.000	38.521
-2100.000	38.521
-2200.000	38.521
-2300.000	38.521
-2400.000	38.521
-2500.000	38.521
-2600.000	38.521
-2700.000	38.521
-2800.000	38.521
-2900.000	38.521
-3000.000	38.521
-3100.000	38.521
-12000.000	38.521
2019-01-11 10:15:00	79	2
-0.000	37.890
-5.000	37.891
-10.000	37.891
-15.000	37.891
-20.000	37.891
-25.000	37.891
-30.000	37.891
-35.000	37.892
-40.000	37.892
-45.000	37.892
-50.000	37.892
-55.000	37.918
-60.000	37.967
-65.000	37.994
-70.000	38.004
-75.000	38.007
-80.000	38.018
-85.000	38.071
-90.000	38.142
-95.000	38.183
-100.000	38.222
-125.000	38.444
-150.000	38.572
-175.000	38.692
-200.000	38.755
-225.000	38.791
-250.000	38.794
-275.000	38.796
-300.000	38.790
-325.000	38.804
-350.000	38.810
-375.000	38.818
-400.000	38.826
-425.000	38.823
-450.000	38.819
-475.000	38.809
-500.000	38.798
-550.000	38.771
-600.000	38.748
-650.000	38.724
-700.000	38.705
-750.000	38.670
-800.000	38.648
-850.000	38.648
-900.000	38.647
-950.000	38.603
-1000.000	38.602
-1050.000	38.602
-1100.000	38.602
-1150.000	38.602
-1200.000	38.590
-1250.000	38.572
-1300.000	38.563
-1350.000	38.562
-1400.000	38.562
-1450.000	38.561
-1500.000	38.556
-1550.000	38.551
-1600.000	38.545
-1650.000	38.545
-1700.000	38.541
-1750.000	38.536
-1800.000	38.532
-1850.000	38.529
-1900.000	38.526
-1950.000	38.522
-2000.000	38.520
-2100.000	38.520
-2200.000	38.520
-2300.000	38.520
-2400.000	38.520
-2500.000	38.520
-2600.000	38.520
-2700.000	38.520
-2800.000	38.520
-2900.000	38.520
-3000.000	38.520
-3100.000	38.520
-12000.000	38.520
2019-01-18 10:21:00	79	2
-0.000	37.890
-5.000	37.889
-10.000	37.889
-15.000	37.888
-20.000	37.888
-25.000	37.889
-30.000	37.890
-35.000	37.892
-40.000	37.899
-45.000	37.910
-50.000	37.918
-55.000	37.935
-60.000	37.958
-65.000	37.965
-70.000	37.962
-75.000	37.968
-80.000	37.975
-85.000	38.004
-90.000	38.125
-95.000	38.266
-100.000	38.337
-125.000	38.499
-150.000	38.639
-175.000	38.691
-200.000	38.739
-225.000	38.791
-250.000	38.802
-275.000	38.793
-300.000	38.812
-325.000	38.812
-350.000	38.833
-375.000	38.830
-400.000	38.825
-425.000	38.832
-450.000	38.827
-475.000	38.820
-500.000	38.806
-550.000	38.775
-600.000	38.756
-650.000	38.717
-700.000	38.703
-750.000	38.670
-800.000	38.657
-850.000	38.647
-900.000	38.647
-950.000	38.619
-1000.000	38.602
-1050.000	38.602
-1100.000	38.602
-1150.000	38.601
-1200.000	38.578
-1250.000	38.565
-1300.000	38.562
-1350.000	38.563
-1400.000	38.563
-1450.000	38.560
-1500.000	38.550
-1550.000	38.546
-1600.000	38.546
-1650.000	38.541
-1700.000	38.536
-1750.000	38.532
-1800.000	38.530
-1850.000	38.526
-1900.000	38.523
-1950.000	38.521
-2000.000	38.519
-2100.000	38.519
-2200.000	38.519
-2300.000	38.519
-2400.000	38.519
-2500.000	38.519
-2600.000	38.519
-2700.000	38.519
-2800.000	38.519
-2900.000	38.519
-3000.000	38.519
-3100.000	38.519
-12000.000	38.519
2019-01-25 10:12:00	79	2
-0.000	37.917
-5.000	37.913
-10.000	37.910
-15.000	37.909
-20.000	37.909
-25.000	37.909
-30.000	37.909
-35.000	37.909
-40.000	37.909
-45.000	37.909
-50.000	37.910
-55.000	37.912
-60.000	37.914
-65.000	37.915
-70.000	37.917
-75.000	37.921
-80.000	37.946
-85.000	38.063
-90.000	38.203
-95.000	38.254
-100.000	38.289
-125.000	38.462
-150.000	38.595
-175.000	38.700
-200.000	38.753
-225.000	38.787
-250.000	38.809
-275.000	38.818
-300.000	38.818
-325.000	38.827
-350.000	38.826
-375.000	38.824
-400.000	38.820
-425.000	38.833
-450.000	38.829
-475.000	38.811
-500.000	38.801
-550.000	38.776
-600.000	38.747
-650.000	38.724
-700.000	38.698
-750.000	38.670
-800.000	38.655
-850.000	38.648
-900.000	38.636
-950.000	38.602
-1000.000	38.602
-1050.000	38.602
-1100.000	38.602
-1150.000	38.583
-1200.000	38.565
-1250.000	38.563
-1300.000	38.563
-1350.000	38.562
-1400.000	38.562
-1450.000	38.555
-1500.000	38.546
-1550.000	38.546
-1600.000	38.545
-1650.000	38.542
-1700.000	38.537
-1750.000	38.533
-1800.000	38.530
-1850.000	38.526
-1900.000	38.523
-1950.000	38.520
-2000.000	38.520
-2100.000	38.520
-2200.000	38.520
-2300.000	38.520
-2400.000	38.520
-2500.000	38.520
-2600.000	38.520
-2700.000	38.520
-2800.000	38.520
-2900.000	38.520
-3000.000	38.520
-3100.000	38.520
-12000.000	38.520
2019-02-01 10:15:00	79	2
-0.000	37.979
-5.000	37.968
-10.000	37.965
-15.000	37.966
-20.000	37.968
-25.000	37.970
-30.000	37.970
-35.000	37.971
-40.000	37.975
-45.000	37.991
-50.000	38.004
-55.000	38.008
-60.000	38.009
-65.000	38.016
-70.000	38.040
-75.000	38.073
-80.000	38.147
-85.000	38.268
-90.000	38.350
-95.000	38.378
-100.000	38.405
-125.000	38.515
-150.000	38.598
-175.000	38.686
-200.000	38.753
-225.000	38.787
-250.000	38.803
-275.000	38.812
-300.000	38.817
-325.000	38.823
-350.000	38.830
-375.000	38.833
-400.000	38.836
-425.000	38.833
-450.000	38.824
-475.000	38.794
-500.000	38.775
-550.000	38.747
-600.000	38.722
-650.000	38.703
-700.000	38.671
-750.000	38.667
-800.000	38.648
-850.000	38.645
-900.000	38.602
-950.000	38.602
-1000.000	38.602
-1050.000	38.602
-1100.000	38.602
-1150.000	38.589
-1200.000	38.566
-1250.000	38.564
-1300.000	38.563
-1350.000	38.563
-1400.000	38.562
-1450.000	38.551
-1500.000	38.547
-1550.000	38.546
-1600.000	38.546
-1650.000	38.539
-1700.000	38.534
-1750.000	38.532
-1800.000	38.529
-1850.000	38.526
-1900.000	38.522
-1950.000	38.520
-2000.000	38.519
-2100.000	38.519
-2200.000	38.519
-2300.000	38.519
-2400.000	38.519
-2500.000	38.519
-2600.000	38.519
-2700.000	38.519
-2800.000	38.519
-2900.000	38.519
-3000.000	38.519
-3100.000	38.519
-12000.000	38.519
2019-02-08 10:15:00	79	2
-0.000	37.947
-5.000	37.950
-10.000	37.954
-15.000	37.955
-20.000	37.957
-25.000	37.959
-30.000	37.965
-35.000	37.977
-40.000	37.986
-45.000	37.989
-50.000	37.990
-55.000	37.991
-60.000	37.993
-65.000	37.995
-70.000	37.997
-75.000	37.998
-80.000	37.996
-85.000	38.013
-90.000	38.074
-95.000	38.133
-100.000	38.170
-125.000	38.427
-150.000	38.537
-175.000	38.675
-200.000	38.709
-225.000	38.756
-250.000	38.794
-275.000	38.811
-300.000	38.824
-325.000	38.835
-350.000	38.837
-375.000	38.837
-400.000	38.832
-425.000	38.829
-450.000	38.798
-475.000	38.783
-500.000	38.777
-550.000	38.776
-600.000	38.710
-650.000	38.686
-700.000	38.669
-750.000	38.648
-800.000	38.649
-850.000	38.623
-900.000	38.602
-950.000	38.602
-1000.000	38.602
-1050.000	38.602
-1100.000	38.586
-1150.000	38.572
-1200.000	38.563
-1250.000	38.563
-1300.000	38.563
-1350.000	38.562
-1400.000	38.560
-1450.000	38.553
-1500.000	38.548
-1550.000	38.546
-1600.000	38.544
-1650.000	38.538
-1700.000	38.532
-1750.000	38.531
-1800.000	38.527
-1850.000	38.524
-1900.000	38.521
-1950.000	38.518
-2000.000	38.516
-2100.000	38.516
-2200.000	38.516
-2300.000	38.516
-2400.000	38.516
-2500.000	38.516
-2600.000	38.516
-2700.000	38.516
-2800.000	38.516
-2900.000	38.516
-3000.000	38.516
-3100.000	38.516
-12000.000	38.516
2019-02-15 10:13:00	79	2
-0.000	38.005
-5.000	38.051
-10.000	38.074
-15.000	38.082
-20.000	38.085
-25.000	38.086
-30.000	38.086
-35.000	38.086
-40.000	38.086
-45.000	38.086
-50.000	38.086
-55.000	38.087
-60.000	38.087
-65.000	38.087
-70.000	38.087
-75.000	38.087
-80.000	38.088
-85.000	38.089
-90.000	38.093
-95.000	38.131
-100.000	38.236
-125.000	38.458
-150.000	38.599
-175.000	38.668
-200.000	38.724
-225.000	38.744
-250.000	38.796
-275.000	38.817
-300.000	38.827
-325.000	38.832
-350.000	38.832
-375.000	38.832
-400.000	38.830
-425.000	38.826
-450.000	38.823
-475.000	38.796
-500.000	38.779
-550.000	38.746
-600.000	38.712
-650.000	38.703
-700.000	38.671
-750.000	38.660
-800.000	38.649
-850.000	38.649
-900.000	38.626
-950.000	38.601
-1000.000	38.603
-1050.000	38.603
-1100.000	38.603
-1150.000	38.586
-1200.000	38.570
-1250.000	38.563
-1300.000	38.563
-1350.000	38.563
-1400.000	38.562
-1450.000	38.554
-1500.000	38.548
-1550.000	38.546
-1600.000	38.546
-1650.000	38.541
-1700.000	38.534
-1750.000	38.532
-1800.000	38.529
-1850.000	38.525
-1900.000	38.522
-1950.000	38.521
-2000.000	38.521
-2100.000	38.521
-2200.000	38.521
-2300.000	38.521
-2400.000	38.521
-2500.000	38.521
-2600.000	38.521
-2700.000	38.521
-2800.000	38.521
-2900.000	38.521
-3000.000	38.521
-3100.000	38.521
-12000.000	38.521
2019-02-22 10:17:00	79	2
-0.000	38.030
-5.000	38.033
-10.000	38.034
-15.000	38.035
-20.000	38.035
-25.000	38.035
-30.000	38.035
-35.000	38.035
-40.000	38.034
-45.000	38.034
-50.000	38.034
-55.000	38.037
-60.000	38.042
-65.000	38.048
-70.000	38.056
-75.000	38.064
-80.000	38.068
-85.000	38.088
-90.000	38.146
-95.000	38.220
-100.000	38.284
-125.000	38.506
-150.000	38.611
-175.000	38.708
-200.000	38.766
-225.000	38.796
-250.000	38.811
-275.000	38.822
-300.000	38.828
-325.000	38.830
-350.000	38.833
-375.000	38.829
-400.000	38.823
-425.000	38.816
-450.000	38.812
-475.000	38.809
-500.000	38.814
-550.000	38.798
-600.000	38.782
-650.000	38.770
-700.000	38.741
-750.000	38.714
-800.000	38.690
-850.000	38.656
-900.000	38.655
-950.000	38.604
-1000.000	38.603
-1050.000	38.603
-1100.000	38.603
-1150.000	38.602
-1200.000	38.586
-1250.000	38.568
-1300.000	38.564
-1350.000	38.564
-1400.000	38.563
-1450.000	38.563
-1500.000	38.556
-1550.000	38.547
-1600.000	38.546
-1650.000	38.545
-1700.000	38.542
-1750.000	38.536
-1800.000	38.532
-1850.000	38.529
-1900.000	38.526
-1950.000	38.522
-2000.000	38.521
-2100.000	38.521
-2200.000	38.521
-2300.000	38.521
-2400.000	38.521
-2500.000	38.521
-2600.000	38.521
-2700.000	38.521
-2800.000	38.521
-2900.000	38.521
-3000.000	38.521
-3100.000	38.521
-12000.000	38.521
2019-03-01 10:20:00	79	2
-0.000	38.122
-5.000	38.121
-10.000	38.119
-15.000	38.118
-20.000	38.116
-25.000	38.113
-30.000	38.114
-35.000	38.119
-40.000	38.123
-45.000	38.126
-50.000	38.132
-55.000	38.138
-60.000	38.143
-65.000	38.147
-70.000	38.149
-75.000	38.152
-80.000	38.154
-85.000	38.157
-90.000	38.163
-95.000	38.172
-100.000	38.174
-125.000	38.183
-150.000	38.414
-175.000	38.530
-200.000	38.618
-225.000	38.705
-250.000	38.765
-275.000	38.788
-300.000	38.810
-325.000	38.831
-350.000	38.832
-375.000	38.830
-400.000	38.827
-425.000	38.820
-450.000	38.817
-475.000	38.814
-500.000	38.808
-550.000	38.791
-600.000	38.774
-650.000	38.756
-700.000	38.742
-750.000	38.738
-800.000	38.695
-850.000	38.661
-900.000	38.660
-950.000	38.604
-1000.000	38.604
-1050.000	38.603
-1100.000	38.603
-1150.000	38.602
-1200.000	38.581
-1250.000	38.567
-1300.000	38.564
-1350.000	38.564
-1400.000	38.563
-1450.000	38.562
-1500.000	38.559
-1550.000	38.553
-1600.000	38.548
-1650.000	38.547
-1700.000	38.545
-1750.000	38.540
-1800.000	38.534
-1850.000	38.532
-1900.000	38.530
-1950.000	38.526
-2000.000	38.525
-2100.000	38.525
-2200.000	38.525
-2300.000	38.525
-2400.000	38.525
-2500.000	38.525
-2600.000	38.525
-2700.000	38.525
-2800.000	38.525
-2900.000	38.525
-3000.000	38.525
-3100.000	38.525
-12000.000	38.525
2019-03-08 10:09:00	79	2
-0.000	38.026
-5.000	38.073
-10.000	38.089
-15.000	38.089
-20.000	38.089
-25.000	38.089
-30.000	38.091
-35.000	38.102
-40.000	38.112
-45.000	38.114
-50.000	38.113
-55.000	38.110
-60.000	38.112
-65.000	38.117
-70.000	38.121
-75.000	38.130
-80.000	38.140
-85.000	38.159
-90.000	38.193
-95.000	38.229
-100.000	38.256
-125.000	38.198
-150.000	38.359
-175.000	38.462
-200.000	38.565
-225.000	38.675
-250.000	38.703
-275.000	38.766
-300.000	38.796
-325.000	38.819
-350.000	38.823
-375.000	38.826
-400.000	38.833
-425.000	38.836
-450.000	38.833
-475.000	38.834
-500.000	38.821
-550.000	38.812
-600.000	38.785
-650.000	38.767
-700.000	38.752
-750.000	38.744
-800.000	38.709
-850.000	38.664
-900.000	38.655
-950.000	38.626
-1000.000	38.603
-1050.000	38.603
-1100.000	38.603
-1150.000	38.602
-1200.000	38.589
-1250.000	38.571
-1300.000	38.564
-1350.000	38.564
-1400.000	38.564
-1450.000	38.564
-1500.000	38.562
-1550.000	38.554
-1600.000	38.549
-1650.000	38.548
-1700.000	38.549
-1750.000	38.541
-1800.000	38.535
-1850.000	38.532
-1900.000	38.530
-1950.000	38.527
-2000.000	38.525
-2100.000	38.525
-2200.000	38.525
-2300.000	38.525
-2400.000	38.525
-2500.000	38.525
-2600.000	38.525
-2700.000	38.525
-2800.000	38.525
-2900.000	38.525
-3000.000	38.525
-3100.000	38.525
-12000.000	38.525
2019-03-15 10:15:00	79	2
-0.000	38.126
-5.000	38.126
-10.000	38.127
-15.000	38.127
-20.000	38.127
-25.000	38.127
-30.000	38.127
-35.000	38.127
-40.000	38.127
-45.000	38.127
-50.000	38.127
-55.000	38.127
-60.000	38.127
-65.000	38.127
-70.000	38.127
-75.000	38.127
-80.000	38.127
-85.000	38.128
-90.000	38.129
-95.000	38.132
-100.000	38.142
-125.000	38.160
-150.000	38.205
-175.000	38.413
-200.000	38.541
-225.000	38.643
-250.000	38.727
-275.000	38.768
-300.000	38.797
-325.000	38.797
-350.000	38.822
-375.000	38.828
-400.000	38.828
-425.000	38.829
-450.000	38.830
-475.000	38.826
-500.000	38.830
-550.000	38.822
-600.000	38.813
-650.000	38.786
-700.000	38.775
-750.000	38.766
-800.000	38.745
-850.000	38.691
-900.000	38.662
-950.000	38.662
-1000.000	38.611
-1050.000	38.605
-1100.000	38.606
-1150.000	38.607
-1200.000	38.606
-1250.000	38.588
-1300.000	38.569
-1350.000	38.564
-1400.000	38.564
-1450.000	38.564
-1500.000	38.561
-1550.000	38.552
-1600.000	38.547
-1650.000	38.546
-1700.000	38.543
-1750.000	38.535
-1800.000	38.532
-1850.000	38.531
-1900.000	38.528
-1950.000	38.526
-2000.000	38.526
-2100.000	38.526
-2200.000	38.526
-2300.000	38.526
-2400.000	38.526
-2500.000	38.526
-2600.000	38.526
-2700.000	38.526
-2800.000	38.526
-2900.000	38.526
-3000.000	38.526
-3100.000	38.526
-12000.000	38.526
2019-03-22 10:17:00	79	2
-0.000	37.892
-5.000	37.903
-10.000	37.919
-15.000	37.923
-20.000	37.928
-25.000	37.948
-30.000	38.004
-35.000	38.067
-40.000	38.103
-45.000	38.110
-50.000	38.108
-55.000	38.114
-60.000	38.122
-65.000	38.132
-70.000	38.140
-75.000	38.145
-80.000	38.149
-85.000	38.150
-90.000	38.151
-95.000	38.152
-100.000	38.157
-125.000	38.206
-150.000	38.386
-175.000	38.590
-200.000	38.663
-225.000	38.723
-250.000	38.743
-275.000	38.765
-300.000	38.789
-325.000	38.808
-350.000	38.807
-375.000	38.812
-400.000	38.831
-425.000	38.830
-450.000	38.828
-475.000	38.827
-500.000	38.822
-550.000	38.813
-600.000	38.791
-650.000	38.772
-700.000	38.757
-750.000	38.741
-800.000	38.696
-850.000	38.666
-900.000	38.657
-950.000	38.632
-1000.000	38.607
-1050.000	38.607
-1100.000	38.607
-1150.000	38.603
-1200.000	38.582
-1250.000	38.568
-1300.000	38.566
-1350.000	38.565
-1400.000	38.565
-1450.000	38.565
-1500.000	38.561
-1550.000	38.551
-1600.000	38.548
-1650.000	38.546
-1700.000	38.541
-1750.000	38.536
-1800.000	38.533
-1850.000	38.532
-1900.000	38.528
-1950.000	38.524
-2000.000	38.524
-2100.000	38.524
-2200.000	38.524
-2300.000	38.524
-2400.000	38.524
-2500.000	38.524
-2600.000	38.524
-2700.000	38.524
-2800.000	38.524
-2900.000	38.524
-3000.000	38.524
-3100.000	38.524
-12000.000	38.524
2019-03-29 10:14:00	79	2
-0.000	38.109
-5.000	38.110
-10.000	38.110
-15.000	38.109
-20.000	38.108
-25.000	38.106
-30.000	38.105
-35.000	38.102
-40.000	38.099
-45.000	38.097
-50.000	38.097
-55.000	38.096
-60.000	38.097
-65.000	38.098
-70.000	38.099
-75.000	38.099
-80.000	38.101
-85.000	38.103
-90.000	38.105
-95.000	38.108
-100.000	38.110
-125.000	38.154
-150.000	38.245
-175.000	38.317
-200.000	38.447
-225.000	38.548
-250.000	38.632
-275.000	38.684
-300.000	38.759
-325.000	38.772
-350.000	38.803
-375.000	38.821
-400.000	38.820
-425.000	38.815
-450.000	38.817
-475.000	38.811
-500.000	38.812
-550.000	38.827
-600.000	38.820
-650.000	38.817
-700.000	38.798
-750.000	38.775
-800.000	38.748
-850.000	38.718
-900.000	38.693
-950.000	38.663
-1000.000	38.623
-1050.000	38.608
-1100.000	38.607
-1150.000	38.607
-1200.000	38.603
-1250.000	38.580
-1300.000	38.567
-1350.000	38.566
-1400.000	38.564
-1450.000	38.563
-1500.000	38.560
-1550.000	38.558
-1600.000	38.552
-1650.000	38.549
-1700.000	38.547
-1750.000	38.542
-1800.000	38.540
-1850.000	38.535
-1900.000	38.532
-1950.000	38.530
-2000.000	38.527
-2100.000	38.527
-2200.000	38.527
-2300.000	38.527
-2400.000	38.527
-2500.000	38.527
-2600.000	38.527
-2700.000	38.527
-2800.000	38.527
-2900.000	38.527
-3000.000	38.527
-3100.000	38.527
-12000.000	38.527
2019-04-05 10:12:00	79	2
-0.000	38.104
-5.000	38.112
-10.000	38.114
-15.000	38.115
-20.000	38.115
-25.000	38.115
-30.000	38.115
-35.000	38.114
-40.000	38.113
-45.000	38.112
-50.000	38.109
-55.000	38.104
-60.000	38.099
-65.000	38.099
-70.000	38.102
-75.000	38.104
-80.000	38.104
-85.000	38.107
-90.000	38.115
-95.000	38.118
-100.000	38.119
-125.000	38.136
-150.000	38.201
-175.000	38.263
-200.000	38.406
-225.000	38.566
-250.000	38.652
-275.000	38.710
-300.000	38.736
-325.000	38.759
-350.000	38.788
-375.000	38.804
-400.000	38.817
-425.000	38.827
-450.000	38.832
-475.000	38.830
-500.000	38.830
-550.000	38.822
-600.000	38.823
-650.000	38.808
-700.000	38.803
-750.000	38.780
-800.000	38.760
-850.000	38.717
-900.000	38.684
-950.000	38.668
-1000.000	38.659
-1050.000	38.607
-1100.000	38.606
-1150.000	38.606
-1200.000	38.605
-1250.000	38.599
-1300.000	38.580
-1350.000	38.566
-1400.000	38.564
-1450.000	38.563
-1500.000	38.559
-1550.000	38.553
-1600.000	38.548
-1650.000	38.546
-1700.000	38.545
-1750.000	38.540
-1800.000	38.536
-1850.000	38.534
-1900.000	38.531
-1950.000	38.528
-2000.000	38.527
-2100.000	38.527
-2200.000	38.527
-2300.000	38.527
-2400.000	38.527
-2500.000	38.527
-2600.000	38.527
-2700.000	38.527
-2800.000	38.527
-2900.000	38.527
-3000.000	38.527
-3100.000	38.527
-12000.000	38.527
2019-04-12 10:15:00	79	2
-0.000	38.072
-5.000	38.093
-10.000	38.115
-15.000	38.120
-20.000	38.121
-25.000	38.119
-30.000	38.111
-35.000	38.106
-40.000	38.102
-45.000	38.098
-50.000	38.094
-55.000	38.092
-60.000	38.095
-65.000	38.097
-70.000	38.098
-75.000	38.098
-80.000	38.098
-85.000	38.098
-90.000	38.099
-95.000	38.101
-100.000	38.105
-125.000	38.115
-150.000	38.153
-175.000	38.213
-200.000	38.298
-225.000	38.416
-250.000	38.558
-275.000	38.646
-300.000	38.695
-325.000	38.736
-350.000	38.778
-375.000	38.802
-400.000	38.813
-425.000	38.821
-450.000	38.823
-475.000	38.829
-500.000	38.830
-550.000	38.828
-600.000	38.810
-650.000	38.795
-700.000	38.777
-750.000	38.755
-800.000	38.724
-850.000	38.714
-900.000	38.698
-950.000	38.667
-1000.000	38.667
-1050.000	38.626
-1100.000	38.606
-1150.000	38.606
-1200.000	38.606
-1250.000	38.604
-1300.000	38.589
-1350.000	38.578
-1400.000	38.563
-1450.000	38.563
-1500.000	38.563
-1550.000	38.562
-1600.000	38.558
-1650.000	38.553
-1700.000	38.548
-1750.000	38.547
-1800.000	38.544
-1850.000	38.540
-1900.000	38.537
-1950.000	38.534
-2000.000	38.534
-2100.000	38.534
-2200.000	38.534
-2300.000	38.534
-2400.000	38.534
-2500.000	38.534
-2600.000	38.534
-2700.000	38.534
-2800.000	38.534
-2900.000	38.534
-3000.000	38.534
-3100.000	38.534
-12000.000	38.534
2019-04-19 10:19:00	79	2
-0.000	38.095
-5.000	38.089
-10.000	38.080
-15.000	38.079
-20.000	38.091
-25.000	38.108
-30.000	38.113
-35.000	38.111
-40.000	38.113
-45.000	38.111
-50.000	38.107
-55.000	38.104
-60.000	38.104
-65.000	38.102
-70.000	38.102
-75.000	38.106
-80.000	38.112
-85.000	38.123
-90.000	38.132
-95.000	38.138
-100.000	38.142
-125.000	38.193
-150.000	38.249
-175.000	38.384
-200.000	38.520
-225.000	38.633
-250.000	38.697
-275.000	38.737
-300.000	38.771
-325.000	38.799
-350.000	38.816
-375.000	38.821
-400.000	38.821
-425.000	38.827
-450.000	38.833
-475.000	38.830
-500.000	38.829
-550.000	38.825
-600.000	38.798
-650.000	38.780
-700.000	38.765
-750.000	38.742
-800.000	38.703
-850.000	38.678
-900.000	38.667
-950.000	38.663
-1000.000	38.640
-1050.000	38.607
-1100.000	38.606
-1150.000	38.606
-1200.000	38.600
-1250.000	38.582
-1300.000	38.568
-1350.000	38.565
-1400.000	38.564
-1450.000	38.563
-1500.000	38.559
-1550.000	38.554
-1600.000	38.550
-1650.000	38.548
-1700.000	38.545
-1750.000	38.540
-1800.000	38.537
-1850.000	38.533
-1900.000	38.531
-1950.000	38.525
-2000.000	38.525
-2100.000	38.525
-2200.000	38.525
-2300.000	38.525
-2400.000	38.525
-2500.000	38.525
-2600.000	38.525
-2700.000	38.525
-2800.000	38.525
-2900.000	38.525
-3000.000	38.525
-3100.000	38.525
-12000.000	38.525
2019-04-26 10:21:00	79	2
-0.000	37.866
-5.000	37.865
-10.000	38.027
-15.000	38.101
-20.000	38.103
-25.000	38.103
-30.000	38.101
-35.000	38.106
-40.000	38.115
-45.000	38.116
-50.000	38.117
-55.000	38.120
-60.000	38.119
-65.000	38.119
-70.000	38.120
-75.000	38.123
-80.000	38.132
-85.000	38.138
-90.000	38.145
-95.000	38.152
-100.000	38.160
-125.000	38.222
-150.000	38.276
-175.000	38.446
-200.000	38.625
-225.000	38.657
-250.000	38.719
-275.000	38.768
-300.000	38.789
-325.000	38.805
-350.000	38.820
-375.000	38.821
-400.000	38.825
-425.000	38.826
-450.000	38.828
-475.000	38.821
-500.000	38.818
-550.000	38.804
-600.000	38.789
-650.000	38.769
-700.000	38.759
-750.000	38.735
-800.000	38.696
-850.000	38.675
-900.000	38.658
-950.000	38.656
-1000.000	38.607
-1050.000	38.607
-1100.000	38.607
-1150.000	38.608
-1200.000	38.597
-1250.000	38.582
-1300.000	38.568
-1350.000	38.564
-1400.000	38.563
-1450.000	38.562
-1500.000	38.558
-1550.000	38.552
-1600.000	38.548
-1650.000	38.546
-1700.000	38.543
-1750.000	38.538
-1800.000	38.534
-1850.000	38.530
-1900.000	38.526
-1950.000	38.524
-2000.000	38.524
-2100.000	38.524
-2200.000	38.524
-2300.000	38.524
-2400.000	38.524
-2500.000	38.524
-2600.000	38.524
-2700.000	38.524
-2800.000	38.524
-2900.000	38.524
-3000.000	38.524
-3100.000	38.524
-12000.000	38.524
2019-05-03 10:09:00	79	2
-0.000	38.046
-5.000	38.045
-10.000	38.043
-15.000	38.043
-20.000	38.059
-25.000	38.085
-30.000	38.109
-35.000	38.118
-40.000	38.115
-45.000	38.108
-50.000	38.102
-55.000	38.101
-60.000	38.102
-65.000	38.104
-70.000	38.106
-75.000	38.109
-80.000	38.112
-85.000	38.116
-90.000	38.118
-95.000	38.123
-100.000	38.132
-125.000	38.189
-150.000	38.242
-175.000	38.339
-200.000	38.511
-225.000	38.637
-250.000	38.684
-275.000	38.732
-300.000	38.766
-325.000	38.788
-350.000	38.814
-375.000	38.817
-400.000	38.815
-425.000	38.819
-450.000	38.826
-475.000	38.819
-500.000	38.816
-550.000	38.804
-600.000	38.776
-650.000	38.753
-700.000	38.732
-750.000	38.724
-800.000	38.693
-850.000	38.670
-900.000	38.652
-950.000	38.635
-1000.000	38.607
-1050.000	38.606
-1100.000	38.607
-1150.000	38.607
-1200.000	38.603
-1250.000	38.580
-1300.000	38.568
-1350.000	38.564
-1400.000	38.564
-1450.000	38.560
-1500.000	38.555
-1550.000	38.552
-1600.000	38.549
-1650.000	38.547
-1700.000	38.546
-1750.000	38.539
-1800.000	38.535
-1850.000	38.532
-1900.000	38.527
-1950.000	38.525
-2000.000	38.526
-2100.000	38.526
-2200.000	38.526
-2300.000	38.526
-2400.000	38.526
-2500.000	38.526
-2600.000	38.526
-2700.000	38.526
-2800.000	38.526
-2900.000	38.526
-3000.000	38.526
-3100.000	38.526
-12000.000	38.526
2019-05-10 10:20:00	79	2
-0.000	38.078
-5.000	38.081
-10.000	38.083
-15.000	38.084
-20.000	38.084
-25.000	38.084
-30.000	38.085
-35.000	38.097
-40.000	38.113
-45.000	38.117
-50.000	38.113
-55.000	38.110
-60.000	38.111
-65.000	38.116
-70.000	38.124
-75.000	38.128
-80.000	38.131
-85.000	38.134
-90.000	38.136
-95.000	38.137
-100.000	38.137
-125.000	38.172
-150.000	38.231
-175.000	38.300
-200.000	38.477
-225.000	38.609
-250.000	38.691
-275.000	38.732
-300.000	38.766
-325.000	38.789
-350.000	38.801
-375.000	38.803
-400.000	38.800
-425.000	38.820
-450.000	38.825
-475.000	38.819
-500.000	38.822
-550.000	38.814
-600.000	38.794
-650.000	38.780
-700.000	38.736
-750.000	38.721
-800.000	38.707
-850.000	38.687
-900.000	38.664
-950.000	38.653
-1000.000	38.618
-1050.000	38.605
-1100.000	38.605
-1150.000	38.605
-1200.000	38.601
-1250.000	38.580
-1300.000	38.566
-1350.000	38.564
-1400.000	38.564
-1450.000	38.564
-1500.000	38.562
-1550.000	38.555
-1600.000	38.549
-1650.000	38.547
-1700.000	38.543
-1750.000	38.540
-1800.000	38.537
-1850.000	38.533
-1900.000	38.529
-1950.000	38.525
-2000.000	38.525
-2100.000	38.525
-2200.000	38.525
-2300.000	38.525
-2400.000	38.525
-2500.000	38.525
-2600.000	38.525
-2700.000	38.525
-2800.000	38.525
-2900.000	38.525
-3000.000	38.525
-3100.000	38.525
-12000.000	38.525
2019-05-17 10:19:00	79	2
-0.000	38.085
-5.000	38.082
-10.000	38.080
-15.000	38.076
-20.000	38.077
-25.000	38.078
-30.000	38.086
-35.000	38.096
-40.000	38.100
-45.000	38.100
-50.000	38.098
-55.000	38.096
-60.000	38.095
-65.000	38.097
-70.000	38.098
-75.000	38.099
-80.000	38.101
-85.000	38.102
-90.000	38.104
-95.000	38.105
-100.000	38.107
-125.000	38.135
-150.000	38.187
-175.000	38.253
-200.000	38.347
-225.000	38.482
-250.000	38.609
-275.000	38.688
-300.000	38.739
-325.000	38.771
-350.000	38.794
-375.000	38.804
-400.000	38.813
-425.000	38.816
-450.000	38.823
-475.000	38.825
-500.000	38.825
-550.000	38.821
-600.000	38.795
-650.000	38.786
-700.000	38.753
-750.000	38.735
-800.000	38.730
-850.000	38.704
-900.000	38.685
-950.000	38.660
-1000.000	38.651
-1050.000	38.608
-1100.000	38.608
-1150.000	38.608
-1200.000	38.607
-1250.000	38.606
-1300.000	38.589
-1350.000	38.572
-1400.000	38.567
-1450.000	38.566
-1500.000	38.566
-1550.000	38.566
-1600.000	38.564
-1650.000	38.558
-1700.000	38.549
-1750.000	38.545
-1800.000	38.538
-1850.000	38.536
-1900.000	38.532
-1950.000	38.530
-2000.000	38.530
-2100.000	38.530
-2200.000	38.530
-2300.000	38.530
-2400.000	38.530
-2500.000	38.530
-2600.000	38.530
-2700.000	38.530
-2800.000	38.530
-2900.000	38.530
-3000.000	38.530
-3100.000	38.530
-12000.000	38.530
2019-05-24 10:20:00	79	2
-0.000	38.066
-5.000	38.082
-10.000	38.084
-15.000	38.082
-20.000	38.081
-25.000	38.076
-30.000	38.079
-35.000	38.095
-40.000	38.100
-45.000	38.100
-50.000	38.099
-55.000	38.099
-60.000	38.098
-65.000	38.098
-70.000	38.099
-75.000	38.100
-80.000	38.103
-85.000	38.106
-90.000	38.109
-95.000	38.113
-100.000	38.117
-125.000	38.144
-150.000	38.212
-175.000	38.266
-200.000	38.421
-225.000	38.553
-250.000	38.660
-275.000	38.715
-300.000	38.752
-325.000	38.780
-350.000	38.800
-375.000	38.803
-400.000	38.809
-425.000	38.819
-450.000	38.823
-475.000	38.828
-500.000	38.826
-550.000	38.817
-600.000	38.799
-650.000	38.768
-700.000	38.758
-750.000	38.735
-800.000	38.710
-850.000	38.702
-900.000	38.675
-950.000	38.658
-1000.000	38.617
-1050.000	38.608
-1100.000	38.607
-1150.000	38.607
-1200.000	38.607
-1250.000	38.604
-1300.000	38.581
-1350.000	38.567
-1400.000	38.566
-1450.000	38.565
-1500.000	38.563
-1550.000	38.555
-1600.000	38.551
-1650.000	38.548
-1700.000	38.543
-1750.000	38.538
-1800.000	38.533
-1850.000	38.530
-1900.000	38.528
-1950.000	38.525
-2000.000	38.523
-2100.000	38.523
-2200.000	38.523
-2300.000	38.523
-2400.000	38.523
-2500.000	38.523
-2600.000	38.523
-2700.000	38.523
-2800.000	38.523
-2900.000	38.523
-3000.000	38.523
-3100.000	38.523
-12000.000	38.523
2019-05-31 10:21:00	79	2
-0.000	37.895
-5.000	38.013
-10.000	38.052
-15.000	38.046
-20.000	38.043
-25.000	38.044
-30.000	38.049
-35.000	38.071
-40.000	38.103
-45.000	38.114
-50.000	38.113
-55.000	38.108
-60.000	38.106
-65.000	38.107
-70.000	38.111
-75.000	38.113
-80.000	38.117
-85.000	38.123
-90.000	38.129
-95.000	38.136
-100.000	38.145
-125.000	38.204
-150.000	38.260
-175.000	38.373
-200.000	38.566
-225.000	38.657
-250.000	38.708
-275.000	38.744
-300.000	38.784
-325.000	38.802
-350.000	38.806
-375.000	38.813
-400.000	38.820
-425.000	38.826
-450.000	38.828
-475.000	38.827
-500.000	38.821
-550.000	38.811
-600.000	38.798
-650.000	38.767
-700.000	38.743
-750.000	38.723
-800.000	38.698
-850.000	38.685
-900.000	38.663
-950.000	38.649
-1000.000	38.615
-1050.000	38.607
-1100.000	38.607
-1150.000	38.607
-1200.000	38.607
-1250.000	38.598
-1300.000	38.570
-1350.000	38.566
-1400.000	38.566
-1450.000	38.566
-1500.000	38.566
-1550.000	38.561
-1600.000	38.554
-1650.000	38.549
-1700.000	38.547
-1750.000	38.542
-1800.000	38.540
-1850.000	38.538
-1900.000	38.535
-1950.000	38.531
-2000.000	38.531
-2100.000	38.531
-2200.000	38.531
-2300.000	38.531
-2400.000	38.531
-2500.000	38.531
-2600.000	38.531
-2700.000	38.531
-2800.000	38.531
-2900.000	38.531
-3000.000	38.531
-3100.000	38.531
-12000.000	38.531
2019-06-07 10:17:00	79	2
-0.000	38.048
-5.000	38.036
-10.000	38.023
-15.000	38.023
-20.000	38.028
-25.000	38.028
-30.000	38.032
-35.000	38.041
-40.000	38.055
-45.000	38.082
-50.000	38.104
-55.000	38.119
-60.000	38.132
-65.000	38.150
-70.000	38.175
-75.000	38.189
-80.000	38.203
-85.000	38.216
-90.000	38.224
-95.000	38.248
-100.000	38.265
-125.000	38.326
-150.000	38.384
-175.000	38.559
-200.000	38.654
-225.000	38.706
-250.000	38.744
-275.000	38.775
-300.000	38.794
-325.000	38.811
-350.000	38.819
-375.000	38.824
-400.000	38.827
-425.000	38.829
-450.000	38.828
-475.000	38.823
-500.000	38.816
-550.000	38.805
-600.000	38.790
-650.000	38.767
-700.000	38.744
-750.000	38.723
-800.000	38.694
-850.000	38.679
-900.000	38.662
-950.000	38.654
-1000.000	38.611
-1050.000	38.608
-1100.000	38.607
-1150.000	38.607
-1200.000	38.608
-1250.000	38.591
-1300.000	38.570
-1350.000	38.566
-1400.000	38.566
-1450.000	38.565
-1500.000	38.561
-1550.000	38.556
-1600.000	38.552
-1650.000	38.547
-1700.000	38.543
-1750.000	38.538
-1800.000	38.534
-1850.000	38.531
-1900.000	38.528
-1950.000	38.526
-2000.000	38.526
-2100.000	38.526
-2200.000	38.526
-2300.000	38.526
-2400.000	38.526
-2500.000	38.526
-2600.000	38.526
-2700.000	38.526
-2800.000	38.526
-2900.000	38.526
-3000.000	38.526
-3100.000	38.526
-12000.000	38.526
2019-06-14 10:16:00	79	2
-0.000	38.083
-5.000	38.068
-10.000	38.004
-15.000	37.974
-20.000	37.977
-25.000	37.992
-30.000	38.023
-35.000	38.036
-40.000	38.057
-45.000	38.087
-50.000	38.104
-55.000	38.121
-60.000	38.133
-65.000	38.142
-70.000	38.151
-75.000	38.155
-80.000	38.158
-85.000	38.170
-90.000	38.194
-95.000	38.226
-100.000	38.255
-125.000	38.323
-150.000	38.486
-175.000	38.617
-200.000	38.673
-225.000	38.734
-250.000	38.763
-275.000	38.794
-300.000	38.799
-325.000	38.817
-350.000	38.814
-375.000	38.821
-400.000	38.829
-425.000	38.830
-450.000	38.828
-475.000	38.825
-500.000	38.816
-550.000	38.803
-600.000	38.786
-650.000	38.772
-700.000	38.752
-750.000	38.732
-800.000	38.698
-850.000	38.688
-900.000	38.661
-950.000	38.661
-1000.000	38.609
-1050.000	38.609
-1100.000	38.609
-1150.000	38.608
-1200.000	38.598
-1250.000	38.581
-1300.000	38.567
-1350.000	38.567
-1400.000	38.566
-1450.000	38.564
-1500.000	38.559
-1550.000	38.552
-1600.000	38.549
-1650.000	38.547
-1700.000	38.543
-1750.000	38.537
-1800.000	38.532
-1850.000	38.529
-1900.000	38.525
-1950.000	38.523
-2000.000	38.523
-2100.000	38.523
-2200.000	38.523
-2300.000	38.523
-2400.000	38.523
-2500.000	38.523
-2600.000	38.523
-2700.000	38.523
-2800.000	38.523
-2900.000	38.523
-3000.000	38.523
-3100.000	38.523
-12000.000	38.523
2019-06-21 10:16:00	79	2
-0.000	38.156
-5.000	38.156
-10.000	38.110
-15.000	38.062
-20.000	38.023
-25.000	37.968
-30.000	37.972
-35.000	38.015
-40.000	38.035
-45.000	38.045
-50.000	38.071
-55.000	38.101
-60.000	38.116
-65.000	38.123
-70.000	38.128
-75.000	38.137
-80.000	38.148
-85.000	38.156
-90.000	38.166
-95.000	38.180
-100.000	38.198
-125.000	38.277
-150.000	38.376
-175.000	38.541
-200.000	38.642
-225.000	38.705
-250.000	38.754
-275.000	38.784
-300.000	38.803
-325.000	38.807
-350.000	38.816
-375.000	38.823
-400.000	38.828
-425.000	38.828
-450.000	38.829
-475.000	38.824
-500.000	38.822
-550.000	38.808
-600.000	38.784
-650.000	38.762
-700.000	38.744
-750.000	38.721
-800.000	38.689
-850.000	38.662
-900.000	38.661
-950.000	38.621
-1000.000	38.607
-1050.000	38.607
-1100.000	38.607
-1150.000	38.607
-1200.000	38.592
-1250.000	38.577
-1300.000	38.567
-1350.000	38.566
-1400.000	38.565
-1450.000	38.565
-1500.000	38.561
-1550.000	38.555
-1600.000	38.551
-1650.000	38.548
-1700.000	38.544
-1750.000	38.537
-1800.000	38.534
-1850.000	38.532
-1900.000	38.529
-1950.000	38.526
-2000.000	38.526
-2100.000	38.526
-2200.000	38.526
-2300.000	38.526
-2400.000	38.526
-2500.000	38.526
-2600.000	38.526
-2700.000	38.526
-2800.000	38.526
-2900.000	38.526
-3000.000	38.526
-3100.000	38.526
-12000.000	38.526
2019-06-28 10:21:00	79	2
-0.000	38.153
-5.000	38.164
-10.000	38.143
-15.000	38.131
-20.000	38.136
-25.000	38.155
-30.000	38.183
-35.000	38.204
-40.000	38.195
-45.000	38.180
-50.000	38.171
-55.000	38.141
-60.000	38.119
-65.000	38.121
-70.000	38.134
-75.000	38.155
-80.000	38.182
-85.000	38.203
-90.000	38.212
-95.000	38.220
-100.000	38.226
-125.000	38.255
-150.000	38.362
-175.000	38.496
-200.000	38.579
-225.000	38.679
-250.000	38.729
-275.000	38.765
-300.000	38.781
-325.000	38.811
-350.000	38.807
-375.000	38.811
-400.000	38.825
-425.000	38.829
-450.000	38.830
-475.000	38.829
-500.000	38.825
-550.000	38.812
-600.000	38.801
-650.000	38.772
-700.000	38.745
-750.000	38.715
-800.000	38.695
-850.000	38.678
-900.000	38.659
-950.000	38.637
-1000.000	38.610
-1050.000	38.601
-1100.000	38.603
-1150.000	38.589
-1200.000	38.583
-1250.000	38.570
-1300.000	38.563
-1350.000	38.567
-1400.000	38.567
-1450.000	38.564
-1500.000	38.557
-1550.000	38.553
-1600.000	38.549
-1650.000	38.548
-1700.000	38.542
-1750.000	38.538
-1800.000	38.535
-1850.000	38.531
-1900.000	38.527
-1950.000	38.524
-2000.000	38.524
-2100.000	38.524
-2200.000	38.524
-2300.000	38.524
-2400.000	38.524
-2500.000	38.524
-2600.000	38.524
-2700.000	38.524
-2800.000	38.524
-2900.000	38.524
-3000.000	38.524
-3100.000	38.524
-12000.000	38.524
2019-07-05 10:16:00	79	2
-0.000	38.149
-5.000	38.179
-10.000	38.110
-15.000	38.054
-20.000	38.051
-25.000	38.055
-30.000	38.068
-35.000	38.086
-40.000	38.096
-45.000	38.098
-50.000	38.101
-55.000	38.101
-60.000	38.100
-65.000	38.101
-70.000	38.104
-75.000	38.106
-80.000	38.107
-85.000	38.110
-90.000	38.114
-95.000	38.120
-100.000	38.128
-125.000	38.171
-150.000	38.235
-175.000	38.330
-200.000	38.469
-225.000	38.550
-250.000	38.579
-275.000	38.733
-300.000	38.763
-325.000	38.795
-350.000	38.808
-375.000	38.811
-400.000	38.819
-425.000	38.826
-450.000	38.820
-475.000	38.823
-500.000	38.824
-550.000	38.814
-600.000	38.797
-650.000	38.780
-700.000	38.760
-750.000	38.736
-800.000	38.715
-850.000	38.687
-900.000	38.666
-950.000	38.658
-1000.000	38.608
-1050.000	38.601
-1100.000	38.606
-1150.000	38.606
-1200.000	38.606
-1250.000	38.587
-1300.000	38.569
-1350.000	38.564
-1400.000	38.562
-1450.000	38.562
-1500.000	38.556
-1550.000	38.552
-1600.000	38.548
-1650.000	38.545
-1700.000	38.541
-1750.000	38.537
-1800.000	38.534
-1850.000	38.532
-1900.000	38.530
-1950.000	38.527
-2000.000	38.527
-2100.000	38.527
-2200.000	38.527
-2300.000	38.527
-2400.000	38.527
-2500.000	38.527
-2600.000	38.527
-2700.000	38.527
-2800.000	38.527
-2900.000	38.527
-3000.000	38.527
-3100.000	38.527
-12000.000	38.527
2019-07-12 10:15:00	79	2
-0.000	38.314
-5.000	38.271
-10.000	38.127
-15.000	38.052
-20.000	38.048
-25.000	38.061
-30.000	38.081
-35.000	38.093
-40.000	38.097
-45.000	38.093
-50.000	38.091
-55.000	38.092
-60.000	38.093
-65.000	38.095
-70.000	38.096
-75.000	38.097
-80.000	38.099
-85.000	38.099
-90.000	38.100
-95.000	38.102
-100.000	38.105
-125.000	38.127
-150.000	38.163
-175.000	38.225
-200.000	38.308
-225.000	38.441
-250.000	38.568
-275.000	38.668
-300.000	38.722
-325.000	38.764
-350.000	38.798
-375.000	38.804
-400.000	38.811
-425.000	38.813
-450.000	38.820
-475.000	38.822
-500.000	38.821
-550.000	38.819
-600.000	38.811
-650.000	38.788
-700.000	38.779
-750.000	38.751
-800.000	38.727
-850.000	38.708
-900.000	38.685
-950.000	38.659
-1000.000	38.657
-1050.000	38.630
-1100.000	38.605
-1150.000	38.604
-1200.000	38.605
-1250.000	38.605
-1300.000	38.594
-1350.000	38.577
-1400.000	38.568
-1450.000	38.564
-1500.000	38.564
-1550.000	38.564
-1600.000	38.560
-1650.000	38.554
-1700.000	38.550
-1750.000	38.548
-1800.000	38.546
-1850.000	38.543
-1900.000	38.538
-1950.000	38.534
-2000.000	38.533
-2100.000	38.533
-2200.000	38.533
-2300.000	38.533
-2400.000	38.533
-2500.000	38.533
-2600.000	38.533
-2700.000	38.533
-2800.000	38.533
-2900.000	38.533
-3000.000	38.533
-3100.000	38.533
-12000.000	38.533
2019-07-19 10:19:00	79	2
-0.000	38.168
-5.000	38.205
-10.000	38.125
-15.000	38.045
-20.000	38.047
-25.000	38.056
-30.000	38.078
-35.000	38.096
-40.000	38.095
-45.000	38.097
-50.000	38.099
-55.000	38.102
-60.000	38.104
-65.000	38.104
-70.000	38.105
-75.000	38.107
-80.000	38.111
-85.000	38.114
-90.000	38.119
-95.000	38.123
-100.000	38.128
-125.000	38.171
-150.000	38.232
-175.000	38.292
-200.000	38.428
-225.000	38.533
-250.000	38.652
-275.000	38.712
-300.000	38.751
-325.000	38.782
-350.000	38.801
-375.000	38.811
-400.000	38.822
-425.000	38.824
-450.000	38.822
-475.000	38.822
-500.000	38.819
-550.000	38.808
-600.000	38.797
-650.000	38.784
-700.000	38.760
-750.000	38.752
-800.000	38.720
-850.000	38.697
-900.000	38.683
-950.000	38.658
-1000.000	38.658
-1050.000	38.624
-1100.000	38.601
-1150.000	38.603
-1200.000	38.606
-1250.000	38.594
-1300.000	38.580
-1350.000	38.571
-1400.000	38.567
-1450.000	38.566
-1500.000	38.565
-1550.000	38.565
-1600.000	38.559
-1650.000	38.553
-1700.000	38.549
-1750.000	38.549
-1800.000	38.543
-1850.000	38.536
-1900.000	38.531
-1950.000	38.529
-2000.000	38.527
-2100.000	38.527
-2200.000	38.527
-2300.000	38.527
-2400.000	38.527
-2500.000	38.527
-2600.000	38.527
-2700.000	38.527
-2800.000	38.527
-2900.000	38.527
-3000.000	38.527
-3100.000	38.527
-12000.000	38.527
2019-07-26 10:25:00	79	2
-0.000	38.230
-5.000	38.315
-10.000	38.328
-15.000	38.154
-20.000	38.026
-25.000	38.000
-30.000	38.020
-35.000	38.114
-40.000	38.154
-45.000	38.157
-50.000	38.158
-55.000	38.143
-60.000	38.126
-65.000	38.116
-70.000	38.113
-75.000	38.112
-80.000	38.114
-85.000	38.116
-90.000	38.117
-95.000	38.119
-100.000	38.122
-125.000	38.161
-150.000	38.215
-175.000	38.280
-200.000	38.433
-225.000	38.548
-250.000	38.647
-275.000	38.712
-300.000	38.747
-325.000	38.770
-350.000	38.788
-375.000	38.807
-400.000	38.813
-425.000	38.811
-450.000	38.815
-475.000	38.823
-500.000	38.821
-550.000	38.807
-600.000	38.792
-650.000	38.776
-700.000	38.754
-750.000	38.742
-800.000	38.721
-850.000	38.681
-900.000	38.671
-950.000	38.653
-1000.000	38.640
-1050.000	38.621
-1100.000	38.603
-1150.000	38.603
-1200.000	38.604
-1250.000	38.605
-1300.000	38.603
-1350.000	38.583
-1400.000	38.570
-1450.000	38.565
-1500.000	38.565
-1550.000	38.565
-1600.000	38.562
-1650.000	38.557
-1700.000	38.551
-1750.000	38.548
-1800.000	38.546
-1850.000	38.541
-1900.000	38.537
-1950.000	38.535
-2000.000	38.535
-2100.000	38.535
-2200.000	38.535
-2300.000	38.535
-2400.000	38.535
-2500.000	38.535
-2600.000	38.535
-2700.000	38.535
-2800.000	38.535
-2900.000	38.535
-3000.000	38.535
-3100.000	38.535
-12000.000	38.535
2019-08-02 10:19:00	79	2
-0.000	38.302
-5.000	38.306
-10.000	38.305
-15.000	38.282
-20.000	38.159
-25.000	38.051
-30.000	38.042
-35.000	38.063
-40.000	38.087
-45.000	38.091
-50.000	38.090
-55.000	38.096
-60.000	38.100
-65.000	38.101
-70.000	38.102
-75.000	38.104
-80.000	38.107
-85.000	38.111
-90.000	38.114
-95.000	38.119
-100.000	38.126
-125.000	38.177
-150.000	38.251
-175.000	38.354
-200.000	38.496
-225.000	38.585
-250.000	38.663
-275.000	38.744
-300.000	38.778
-325.000	38.796
-350.000	38.805
-375.000	38.816
-400.000	38.822
-425.000	38.823
-450.000	38.822
-475.000	38.821
-500.000	38.816
-550.000	38.809
-600.000	38.790
-650.000	38.776
-700.000	38.764
-750.000	38.723
-800.000	38.708
-850.000	38.687
-900.000	38.668
-950.000	38.656
-1000.000	38.630
-1050.000	38.602
-1100.000	38.602
-1150.000	38.602
-1200.000	38.594
-1250.000	38.583
-1300.000	38.576
-1350.000	38.567
-1400.000	38.567
-1450.000	38.566
-1500.000	38.566
-1550.000	38.566
-1600.000	38.557
-1650.000	38.552
-1700.000	38.551
-1750.000	38.550
-1800.000	38.547
-1850.000	38.539
-1900.000	38.535
-1950.000	38.533
-2000.000	38.533
-2100.000	38.533
-2200.000	38.533
-2300.000	38.533
-2400.000	38.533
-2500.000	38.533
-2600.000	38.533
-2700.000	38.533
-2800.000	38.533
-2900.000	38.533
-3000.000	38.533
-3100.000	38.533
-12000.000	38.533
2019-08-09 10:23:00	79	2
-0.000	38.200
-5.000	38.210
-10.000	38.221
-15.000	38.209
-20.000	38.077
-25.000	38.004
-30.000	38.051
-35.000	38.085
-40.000	38.095
-45.000	38.092
-50.000	38.091
-55.000	38.093
-60.000	38.095
-65.000	38.097
-70.000	38.098
-75.000	38.099
-80.000	38.100
-85.000	38.101
-90.000	38.103
-95.000	38.104
-100.000	38.105
-125.000	38.125
-150.000	38.164
-175.000	38.225
-200.000	38.307
-225.000	38.444
-250.000	38.544
-275.000	38.648
-300.000	38.691
-325.000	38.745
-350.000	38.777
-375.000	38.800
-400.000	38.810
-425.000	38.818
-450.000	38.822
-475.000	38.818
-500.000	38.817
-550.000	38.809
-600.000	38.801
-650.000	38.789
-700.000	38.766
-750.000	38.749
-800.000	38.725
-850.000	38.714
-900.000	38.682
-950.000	38.656
-1000.000	38.652
-1050.000	38.626
-1100.000	38.604
-1150.000	38.604
-1200.000	38.600
-1250.000	38.588
-1300.000	38.578
-1350.000	38.570
-1400.000	38.566
-1450.000	38.566
-1500.000	38.565
-1550.000	38.561
-1600.000	38.555
-1650.000	38.549
-1700.000	38.549
-1750.000	38.543
-1800.000	38.538
-1850.000	38.536
-1900.000	38.535
-1950.000	38.533
-2000.000	38.530
-2100.000	38.530
-2200.000	38.530
-2300.000	38.530
-2400.000	38.530
-2500.000	38.530
-2600.000	38.530
-2700.000	38.530
-2800.000	38.530
-2900.000	38.530
-3000.000	38.530
-3100.000	38.530
-12000.000	38.530
2019-08-16 10:17:00	79	2
-0.000	38.282
-5.000	38.287
-10.000	38.289
-15.000	38.257
-20.000	38.128
-25.000	38.055
-30.000	38.067
-35.000	38.082
-40.000	38.090
-45.000	38.089
-50.000	38.089
-55.000	38.091
-60.000	38.093
-65.000	38.095
-70.000	38.096
-75.000	38.097
-80.000	38.098
-85.000	38.098
-90.000	38.099
-95.000	38.101
-100.000	38.102
-125.000	38.115
-150.000	38.149
-175.000	38.213
-200.000	38.276
-225.000	38.412
-250.000	38.521
-275.000	38.591
-300.000	38.683
-325.000	38.733
-350.000	38.771
-375.000	38.798
-400.000	38.809
-425.000	38.813
-450.000	38.817
-475.000	38.820
-500.000	38.822
-550.000	38.825
-600.000	38.811
-650.000	38.801
-700.000	38.782
-750.000	38.766
-800.000	38.749
-850.000	38.718
-900.000	38.704
-950.000	38.679
-1000.000	38.655
-1050.000	38.654
-1100.000	38.627
-1150.000	38.604
-1200.000	38.604
-1250.000	38.605
-1300.000	38.593
-1350.000	38.583
-1400.000	38.574
-1450.000	38.566
-1500.000	38.566
-1550.000	38.566
-1600.000	38.564
-1650.000	38.559
-1700.000	38.553
-1750.000	38.549
-1800.000	38.547
-1850.000	38.544
-1900.000	38.539
-1950.000	38.536
-2000.000	38.535
-2100.000	38.535
-2200.000	38.535
-2300.000	38.535
-2400.000	38.535
-2500.000	38.535
-2600.000	38.535
-2700.000	38.535
-2800.000	38.535
-2900.000	38.535
-3000.000	38.535
-3100.000	38.535
-12000.000	38.535
2019-08-23 10:21:00	79	2
-0.000	38.308
-5.000	38.351
-10.000	38.348
-15.000	38.335
-20.000	38.184
-25.000	38.041
-30.000	38.070
-35.000	38.094
-40.000	38.094
-45.000	38.092
-50.000	38.090
-55.000	38.090
-60.000	38.092
-65.000	38.094
-70.000	38.095
-75.000	38.095
-80.000	38.097
-85.000	38.099
-90.000	38.100
-95.000	38.101
-100.000	38.102
-125.000	38.110
-150.000	38.139
-175.000	38.200
-200.000	38.271
-225.000	38.400
-250.000	38.521
-275.000	38.631
-300.000	38.715
-325.000	38.749
-350.000	38.778
-375.000	38.804
-400.000	38.813
-425.000	38.821
-450.000	38.823
-475.000	38.825
-500.000	38.826
-550.000	38.820
-600.000	38.811
-650.000	38.805
-700.000	38.781
-750.000	38.762
-800.000	38.742
-850.000	38.721
-900.000	38.702
-950.000	38.679
-1000.000	38.655
-1050.000	38.655
-1100.000	38.624
-1150.000	38.605
-1200.000	38.606
-1250.000	38.606
-1300.000	38.605
-1350.000	38.587
-1400.000	38.572
-1450.000	38.567
-1500.000	38.567
-1550.000	38.567
-1600.000	38.567
-1650.000	38.565
-1700.000	38.559
-1750.000	38.552
-1800.000	38.550
-1850.000	38.547
-1900.000	38.545
-1950.000	38.540
-2000.000	38.539
-2100.000	38.539
-2200.000	38.539
-2300.000	38.539
-2400.000	38.539
-2500.000	38.539
-2600.000	38.539
-2700.000	38.539
-2800.000	38.539
-2900.000	38.539
-3000.000	38.539
-3100.000	38.539
-12000.000	38.539
2019-08-30 10:17:00	79	2
-0.000	38.374
-5.000	38.408
-10.000	38.418
-15.000	38.407
-20.000	38.310
-25.000	38.127
-30.000	38.065
-35.000	38.082
-40.000	38.090
-45.000	38.090
-50.000	38.090
-55.000	38.090
-60.000	38.091
-65.000	38.093
-70.000	38.095
-75.000	38.097
-80.000	38.098
-85.000	38.099
-90.000	38.100
-95.000	38.101
-100.000	38.102
-125.000	38.115
-150.000	38.153
-175.000	38.215
-200.000	38.275
-225.000	38.391
-250.000	38.515
-275.000	38.605
-300.000	38.687
-325.000	38.736
-350.000	38.760
-375.000	38.790
-400.000	38.805
-425.000	38.812
-450.000	38.819
-475.000	38.820
-500.000	38.822
-550.000	38.822
-600.000	38.816
-650.000	38.804
-700.000	38.786
-750.000	38.763
-800.000	38.743
-850.000	38.721
-900.000	38.692
-950.000	38.681
-1000.000	38.656
-1050.000	38.646
-1100.000	38.620
-1150.000	38.605
-1200.000	38.605
-1250.000	38.605
-1300.000	38.593
-1350.000	38.578
-1400.000	38.569
-1450.000	38.567
-1500.000	38.567
-1550.000	38.566
-1600.000	38.566
-1650.000	38.560
-1700.000	38.552
-1750.000	38.550
-1800.000	38.547
-1850.000	38.541
-1900.000	38.539
-1950.000	38.537
-2000.000	38.536
-2100.000	38.536
-2200.000	38.536
-2300.000	38.536
-2400.000	38.536
-2500.000	38.536
-2600.000	38.536
-2700.000	38.536
-2800.000	38.536
-2900.000	38.536
-3000.000	38.536
-3100.000	38.536
-12000.000	38.536
2019-09-06 10:23:00	79	2
-0.000	38.324
-5.000	38.357
-10.000	38.370
-15.000	38.349
-20.000	38.198
-25.000	38.052
-30.000	38.044
-35.000	38.079
-40.000	38.095
-45.000	38.093
-50.000	38.091
-55.000	38.091
-60.000	38.093
-65.000	38.095
-70.000	38.097
-75.000	38.098
-80.000	38.099
-85.000	38.100
-90.000	38.101
-95.000	38.103
-100.000	38.105
-125.000	38.121
-150.000	38.165
-175.000	38.221
-200.000	38.288
-225.000	38.409
-250.000	38.518
-275.000	38.621
-300.000	38.689
-325.000	38.740
-350.000	38.768
-375.000	38.793
-400.000	38.806
-425.000	38.813
-450.000	38.820
-475.000	38.822
-500.000	38.822
-550.000	38.821
-600.000	38.813
-650.000	38.798
-700.000	38.776
-750.000	38.755
-800.000	38.734
-850.000	38.713
-900.000	38.684
-950.000	38.674
-1000.000	38.655
-1050.000	38.641
-1100.000	38.618
-1150.000	38.603
-1200.000	38.603
-1250.000	38.603
-1300.000	38.599
-1350.000	38.582
-1400.000	38.572
-1450.000	38.567
-1500.000	38.567
-1550.000	38.566
-1600.000	38.566
-1650.000	38.562
-1700.000	38.554
-1750.000	38.551
-1800.000	38.549
-1850.000	38.545
-1900.000	38.540
-1950.000	38.537
-2000.000	38.537
-2100.000	38.537
-2200.000	38.537
-2300.000	38.537
-2400.000	38.537
-2500.000	38.537
-2600.000	38.537
-2700.000	38.537
-2800.000	38.537
-2900.000	38.537
-3000.000	38.537
-3100.000	38.537
-12000.000	38.537
2019-09-13 10:21:00	79	2
-0.000	38.385
-5.000	38.393
-10.000	38.395
-15.000	38.395
-20.000	38.303
-25.000	38.104
-30.000	38.050
-35.000	38.076
-40.000	38.099
-45.000	38.103
-50.000	38.100
-55.000	38.098
-60.000	38.098
-65.000	38.097
-70.000	38.098
-75.000	38.100
-80.000	38.101
-85.000	38.103
-90.000	38.104
-95.000	38.106
-100.000	38.108
-125.000	38.129
-150.000	38.169
-175.000	38.224
-200.000	38.285
-225.000	38.418
-250.000	38.552
-275.000	38.659
-300.000	38.716
-325.000	38.757
-350.000	38.782
-375.000	38.802
-400.000	38.809
-425.000	38.816
-450.000	38.820
-475.000	38.824
-500.000	38.826
-550.000	38.817
-600.000	38.805
-650.000	38.790
-700.000	38.767
-750.000	38.749
-800.000	38.726
-850.000	38.703
-900.000	38.682
-950.000	38.658
-1000.000	38.656
-1050.000	38.632
-1100.000	38.607
-1150.000	38.605
-1200.000	38.604
-1250.000	38.604
-1300.000	38.593
-1350.000	38.581
-1400.000	38.572
-1450.000	38.568
-1500.000	38.566
-1550.000	38.566
-1600.000	38.564
-1650.000	38.555
-1700.000	38.552
-1750.000	38.551
-1800.000	38.551
-1850.000	38.546
-1900.000	38.542
-1950.000	38.538
-2000.000	38.537
-2100.000	38.537
-2200.000	38.537
-2300.000	38.537
-2400.000	38.537
-2500.000	38.537
-2600.000	38.537
-2700.000	38.537
-2800.000	38.537
-2900.000	38.537
-3000.000	38.537
-3100.000	38.537
-12000.000	38.537
2019-09-20 10:25:00	79	2
-0.000	38.426
-5.000	38.428
-10.000	38.428
-15.000	38.427
-20.000	38.319
-25.000	38.111
-30.000	38.072
-35.000	38.095
-40.000	38.100
-45.000	38.097
-50.000	38.093
-55.000	38.091
-60.000	38.093
-65.000	38.096
-70.000	38.097
-75.000	38.098
-80.000	38.099
-85.000	38.101
-90.000	38.103
-95.000	38.104
-100.000	38.105
-125.000	38.116
-150.000	38.150
-175.000	38.209
-200.000	38.269
-225.000	38.372
-250.000	38.498
-275.000	38.603
-300.000	38.677
-325.000	38.733
-350.000	38.764
-375.000	38.777
-400.000	38.794
-425.000	38.809
-450.000	38.822
-475.000	38.824
-500.000	38.824
-550.000	38.818
-600.000	38.805
-650.000	38.795
-700.000	38.768
-750.000	38.752
-800.000	38.719
-850.000	38.703
-900.000	38.681
-950.000	38.655
-1000.000	38.649
-1050.000	38.625
-1100.000	38.604
-1150.000	38.604
-1200.000	38.604
-1250.000	38.602
-1300.000	38.588
-1350.000	38.574
-1400.000	38.568
-1450.000	38.567
-1500.000	38.567
-1550.000	38.567
-1600.000	38.566
-1650.000	38.561
-1700.000	38.554
-1750.000	38.551
-1800.000	38.549
-1850.000	38.545
-1900.000	38.539
-1950.000	38.536
-2000.000	38.536
-2100.000	38.536
-2200.000	38.536
-2300.000	38.536
-2400.000	38.536
-2500.000	38.536
-2600.000	38.536
-2700.000	38.536
-2800.000	38.536
-2900.000	38.536
-3000.000	38.536
-3100.000	38.536
-12000.000	38.536
2019-09-27 10:19:00	79	2
-0.000	38.419
-5.000	38.431
-10.000	38.436
-15.000	38.436
-20.000	38.435
-25.000	38.347
-30.000	38.161
-35.000	38.076
-40.000	38.083
-45.000	38.091
-50.000	38.092
-55.000	38.091
-60.000	38.091
-65.000	38.093
-70.000	38.095
-75.000	38.096
-80.000	38.098
-85.000	38.099
-90.000	38.101
-95.000	38.102
-100.000	38.104
-125.000	38.119
-150.000	38.150
-175.000	38.204
-200.000	38.256
-225.000	38.363
-250.000	38.494
-275.000	38.581
-300.000	38.669
-325.000	38.728
-350.000	38.766
-375.000	38.794
-400.000	38.807
-425.000	38.810
-450.000	38.824
-475.000	38.809
-500.000	38.813
-550.000	38.819
-600.000	38.804
-650.000	38.789
-700.000	38.767
-750.000	38.759
-800.000	38.736
-850.000	38.707
-900.000	38.679
-950.000	38.657
-1000.000	38.644
-1050.000	38.632
-1100.000	38.606
-1150.000	38.605
-1200.000	38.605
-1250.000	38.604
-1300.000	38.588
-1350.000	38.574
-1400.000	38.568
-1450.000	38.568
-1500.000	38.567
-1550.000	38.567
-1600.000	38.563
-1650.000	38.558
-1700.000	38.553
-1750.000	38.551
-1800.000	38.549
-1850.000	38.544
-1900.000	38.539
-1950.000	38.537
-2000.000	38.537
-2100.000	38.537
-2200.000	38.537
-2300.000	38.537
-2400.000	38.537
-2500.000	38.537
-2600.000	38.537
-2700.000	38.537
-2800.000	38.537
-2900.000	38.537
-3000.000	38.537
-3100.000	38.537
-12000.000	38.537
2019-10-04 10:21:00	79	2
-0.000	38.458
-5.000	38.459
-10.000	38.459
-15.000	38.458
-20.000	38.430
-25.000	38.261
-30.000	38.096
-35.000	38.090
-40.000	38.096
-45.000	38.095
-50.000	38.092
-55.000	38.092
-60.000	38.094
-65.000	38.096
-70.000	38.098
-75.000	38.099
-80.000	38.100
-85.000	38.101
-90.000	38.102
-95.000	38.102
-100.000	38.104
-125.000	38.114
-150.000	38.141
-175.000	38.196
-200.000	38.270
-225.000	38.401
-250.000	38.516
-275.000	38.605
-300.000	38.682
-325.000	38.718
-350.000	38.765
-375.000	38.795
-400.000	38.808
-425.000	38.811
-450.000	38.806
-475.000	38.816
-500.000	38.823
-550.000	38.820
-600.000	38.805
-650.000	38.794
-700.000	38.772
-750.000	38.752
-800.000	38.736
-850.000	38.718
-900.000	38.686
-950.000	38.670
-1000.000	38.651
-1050.000	38.639
-1100.000	38.609
-1150.000	38.606
-1200.000	38.606
-1250.000	38.606
-1300.000	38.600
-1350.000	38.584
-1400.000	38.571
-1450.000	38.568
-1500.000	38.568
-1550.000	38.568
-1600.000	38.563
-1650.000	38.557
-1700.000	38.553
-1750.000	38.552
-1800.000	38.548
-1850.000	38.538
-1900.000	38.537
-1950.000	38.533
-2000.000	38.531
-2100.000	38.531
-2200.000	38.531
-2300.000	38.531
-2400.000	38.531
-2500.000	38.531
-2600.000	38.531
-2700.000	38.531
-2800.000	38.531
-2900.000	38.531
-3000.000	38.531
-3100.000	38.531
-12000.000	38.531
2019-10-11 10:19:00	79	2
-0.000	38.413
-5.000	38.433
-10.000	38.442
-15.000	38.444
-20.000	38.443
-25.000	38.402
-30.000	38.234
-35.000	38.106
-40.000	38.091
-45.000	38.091
-50.000	38.091
-55.000	38.092
-60.000	38.094
-65.000	38.095
-70.000	38.097
-75.000	38.098
-80.000	38.099
-85.000	38.100
-90.000	38.100
-95.000	38.101
-100.000	38.102
-125.000	38.109
-150.000	38.132
-175.000	38.190
-200.000	38.254
-225.000	38.335
-250.000	38.457
-275.000	38.569
-300.000	38.659
-325.000	38.726
-350.000	38.759
-375.000	38.784
-400.000	38.803
-425.000	38.811
-450.000	38.818
-475.000	38.802
-500.000	38.820
-550.000	38.829
-600.000	38.816
-650.000	38.812
-700.000	38.790
-750.000	38.766
-800.000	38.741
-850.000	38.718
-900.000	38.699
-950.000	38.681
-1000.000	38.657
-1050.000	38.645
-1100.000	38.628
-1150.000	38.606
-1200.000	38.605
-1250.000	38.605
-1300.000	38.605
-1350.000	38.597
-1400.000	38.575
-1450.000	38.569
-1500.000	38.568
-1550.000	38.568
-1600.000	38.568
-1650.000	38.561
-1700.000	38.552
-1750.000	38.552
-1800.000	38.546
-1850.000	38.541
-1900.000	38.538
-1950.000	38.538
-2000.000	38.538
-2100.000	38.538
-2200.000	38.538
-2300.000	38.538
-2400.000	38.538
-2500.000	38.538
-2600.000	38.538
-2700.000	38.538
-2800.000	38.538
-2900.000	38.538
-3000.000	38.538
-3100.000	38.538
-12000.000	38.538
2019-10-18 10:17:00	79	2
-0.000	38.402
-5.000	38.408
-10.000	38.411
-15.000	38.411
-20.000	38.409
-25.000	38.349
-30.000	38.186
-35.000	38.097
-40.000	38.087
-45.000	38.089
-50.000	38.093
-55.000	38.095
-60.000	38.097
-65.000	38.097
-70.000	38.097
-75.000	38.098
-80.000	38.099
-85.000	38.099
-90.000	38.100
-95.000	38.101
-100.000	38.102
-125.000	38.110
-150.000	38.130
-175.000	38.199
-200.000	38.291
-225.000	38.438
-250.000	38.559
-275.000	38.658
-300.000	38.729
-325.000	38.775
-350.000	38.794
-375.000	38.807
-400.000	38.819
-425.000	38.826
-450.000	38.826
-475.000	38.826
-500.000	38.823
-550.000	38.818
-600.000	38.820
-650.000	38.817
-700.000	38.802
-750.000	38.788
-800.000	38.762
-850.000	38.740
-900.000	38.718
-950.000	38.686
-1000.000	38.669
-1050.000	38.655
-1100.000	38.626
-1150.000	38.605
-1200.000	38.603
-1250.000	38.604
-1300.000	38.601
-1350.000	38.585
-1400.000	38.570
-1450.000	38.568
-1500.000	38.568
-1550.000	38.568
-1600.000	38.561
-1650.000	38.553
-1700.000	38.552
-1750.000	38.552
-1800.000	38.550
-1850.000	38.541
-1900.000	38.538
-1950.000	38.538
-2000.000	38.538
-2100.000	38.538
-2200.000	38.538
-2300.000	38.538
-2400.000	38.538
-2500.000	38.538
-2600.000	38.538
-2700.000	38.538
-2800.000	38.538
-2900.000	38.538
-3000.000	38.538
-3100.000	38.538
-12000.000	38.538
2019-10-21 10:19:00	79	2
-0.000	38.470
-5.000	38.472
-10.000	38.471
-15.000	38.471
-20.000	38.471
-25.000	38.467
-30.000	38.406
-35.000	38.234
-40.000	38.108
-45.000	38.089
-50.000	38.090
-55.000	38.092
-60.000	38.092
-65.000	38.094
-70.000	38.096
-75.000	38.097
-80.000	38.098
-85.000	38.099
-90.000	38.100
-95.000	38.101
-100.000	38.102
-125.000	38.107
-150.000	38.119
-175.000	38.172
-200.000	38.253
-225.000	38.413
-250.000	38.581
-275.000	38.703
-300.000	38.754
-325.000	38.776
-350.000	38.797
-375.000	38.812
-400.000	38.821
-425.000	38.829
-450.000	38.829
-475.000	38.827
-500.000	38.827
-550.000	38.825
-600.000	38.813
-650.000	38.814
-700.000	38.803
-750.000	38.790
-800.000	38.763
-850.000	38.742
-900.000	38.714
-950.000	38.687
-1000.000	38.663
-1050.000	38.651
-1100.000	38.629
-1150.000	38.610
-1200.000	38.605
-1250.000	38.605
-1300.000	38.606
-1350.000	38.592
-1400.000	38.578
-1450.000	38.570
-1500.000	38.569
-1550.000	38.569
-1600.000	38.569
-1650.000	38.568
-1700.000	38.560
-1750.000	38.553
-1800.000	38.552
-1850.000	38.553
-1900.000	38.551
-1950.000	38.540
-2000.000	38.539
-2100.000	38.539
-2200.000	38.539
-2300.000	38.539
-2400.000	38.539
-2500.000	38.539
-2600.000	38.539
-2700.000	38.539
-2800.000	38.539
-2900.000	38.539
-3000.000	38.539
-3100.000	38.539
-12000.000	38.539
2019-10-24 10:20:00	79	2
-0.000	38.479
-5.000	38.478
-10.000	38.478
-15.000	38.478
-20.000	38.478
-25.000	38.479
-30.000	38.478
-35.000	38.423
-40.000	38.226
-45.000	38.095
-50.000	38.088
-55.000	38.089
-60.000	38.093
-65.000	38.096
-70.000	38.098
-75.000	38.099
-80.000	38.100
-85.000	38.100
-90.000	38.101
-95.000	38.102
-100.000	38.103
-125.000	38.109
-150.000	38.122
-175.000	38.159
-200.000	38.218
-225.000	38.350
-250.000	38.538
-275.000	38.665
-300.000	38.737
-325.000	38.773
-350.000	38.797
-375.000	38.813
-400.000	38.823
-425.000	38.825
-450.000	38.824
-475.000	38.826
-500.000	38.828
-550.000	38.826
-600.000	38.816
-650.000	38.810
-700.000	38.798
-750.000	38.781
-800.000	38.758
-850.000	38.737
-900.000	38.704
-950.000	38.687
-1000.000	38.664
-1050.000	38.647
-1100.000	38.630
-1150.000	38.608
-1200.000	38.605
-1250.000	38.605
-1300.000	38.604
-1350.000	38.592
-1400.000	38.581
-1450.000	38.571
-1500.000	38.570
-1550.000	38.569
-1600.000	38.569
-1650.000	38.568
-1700.000	38.565
-1750.000	38.554
-1800.000	38.553
-1850.000	38.551
-1900.000	38.549
-1950.000	38.545
-2000.000	38.546
-2100.000	38.546
-2200.000	38.546
-2300.000	38.546
-2400.000	38.546
-2500.000	38.546
-2600.000	38.546
-2700.000	38.546
-2800.000	38.546
-2900.000	38.546
-3000.000	38.546
-3100.000	38.546
-12000.000	38.546
2019-10-27 10:20:00	79	2
-0.000	38.464
-5.000	38.464
-10.000	38.463
-15.000	38.463
-20.000	38.462
-25.000	38.462
-30.000	38.458
-35.000	38.329
-40.000	38.148
-45.000	38.085
-50.000	38.086
-55.000	38.088
-60.000	38.092
-65.000	38.093
-70.000	38.095
-75.000	38.097
-80.000	38.099
-85.000	38.100
-90.000	38.101
-95.000	38.102
-100.000	38.102
-125.000	38.110
-150.000	38.129
-175.000	38.184
-200.000	38.236
-225.000	38.328
-250.000	38.490
-275.000	38.601
-300.000	38.701
-325.000	38.756
-350.000	38.790
-375.000	38.792
-400.000	38.806
-425.000	38.814
-450.000	38.820
-475.000	38.825
-500.000	38.826
-550.000	38.824
-600.000	38.817
-650.000	38.812
-700.000	38.801
-750.000	38.773
-800.000	38.745
-850.000	38.718
-900.000	38.690
-950.000	38.686
-1000.000	38.665
-1050.000	38.652
-1100.000	38.617
-1150.000	38.607
-1200.000	38.606
-1250.000	38.605
-1300.000	38.602
-1350.000	38.583
-1400.000	38.571
-1450.000	38.569
-1500.000	38.569
-1550.000	38.569
-1600.000	38.569
-1650.000	38.567
-1700.000	38.559
-1750.000	38.554
-1800.000	38.553
-1850.000	38.550
-1900.000	38.540
-1950.000	38.538
-2000.000	38.538
-2100.000	38.538
-2200.000	38.538
-2300.000	38.538
-2400.000	38.538
-2500.000	38.538
-2600.000	38.538
-2700.000	38.538
-2800.000	38.538
-2900.000	38.538
-3000.000	38.538
-3100.000	38.538
-12000.000	38.538
2019-10-30 10:26:00	79	2
-0.000	38.415
-5.000	38.431
-10.000	38.438
-15.000	38.440
-20.000	38.442
-25.000	38.443
-30.000	38.443
-35.000	38.371
-40.000	38.197
-45.000	38.096
-50.000	38.091
-55.000	38.091
-60.000	38.092
-65.000	38.094
-70.000	38.096
-75.000	38.097
-80.000	38.097
-85.000	38.098
-90.000	38.100
-95.000	38.100
-100.000	38.101
-125.000	38.107
-150.000	38.122
-175.000	38.172
-200.000	38.244
-225.000	38.351
-250.000	38.453
-275.000	38.572
-300.000	38.660
-325.000	38.722
-350.000	38.758
-375.000	38.787
-400.000	38.806
-425.000	38.810
-450.000	38.820
-475.000	38.824
-500.000	38.824
-550.000	38.821
-600.000	38.814
-650.000	38.813
-700.000	38.797
-750.000	38.762
-800.000	38.740
-850.000	38.713
-900.000	38.691
-950.000	38.681
-1000.000	38.669
-1050.000	38.659
-1100.000	38.632
-1150.000	38.610
-1200.000	38.604
-1250.000	38.604
-1300.000	38.600
-1350.000	38.589
-1400.000	38.571
-1450.000	38.569
-1500.000	38.569
-1550.000	38.569
-1600.000	38.564
-1650.000	38.554
-1700.000	38.553
-1750.000	38.553
-1800.000	38.549
-1850.000	38.542
-1900.000	38.539
-1950.000	38.538
-2000.000	38.538
-2100.000	38.538
-2200.000	38.538
-2300.000	38.538
-2400.000	38.538
-2500.000	38.538
-2600.000	38.538
-2700.000	38.538
-2800.000	38.538
-2900.000	38.538
-3000.000	38.538
-3100.000	38.538
-12000.000	38.538
2019-11-02 10:13:00	79	2
-0.000	38.426
-5.000	38.426
-10.000	38.426
-15.000	38.426
-20.000	38.425
-25.000	38.420
-30.000	38.333
-35.000	38.180
-40.000	38.101
-45.000	38.089
-50.000	38.091
-55.000	38.092
-60.000	38.093
-65.000	38.095
-70.000	38.096
-75.000	38.097
-80.000	38.098
-85.000	38.099
-90.000	38.100
-95.000	38.101
-100.000	38.102
-125.000	38.108
-150.000	38.127
-175.000	38.182
-200.000	38.241
-225.000	38.319
-250.000	38.464
-275.000	38.564
-300.000	38.636
-325.000	38.698
-350.000	38.738
-375.000	38.776
-400.000	38.800
-425.000	38.812
-450.000	38.816
-475.000	38.821
-500.000	38.824
-550.000	38.814
-600.000	38.817
-650.000	38.802
-700.000	38.787
-750.000	38.757
-800.000	38.732
-850.000	38.710
-900.000	38.701
-950.000	38.675
-1000.000	38.656
-1050.000	38.636
-1100.000	38.614
-1150.000	38.606
-1200.000	38.606
-1250.000	38.605
-1300.000	38.596
-1350.000	38.580
-1400.000	38.571
-1450.000	38.568
-1500.000	38.568
-1550.000	38.568
-1600.000	38.566
-1650.000	38.560
-1700.000	38.553
-1750.000	38.553
-1800.000	38.551
-1850.000	38.544
-1900.000	38.540
-1950.000	38.538
-2000.000	38.538
-2100.000	38.538
-2200.000	38.538
-2300.000	38.538
-2400.000	38.538
-2500.000	38.538
-2600.000	38.538
-2700.000	38.538
-2800.000	38.538
-2900.000	38.538
-3000.000	38.538
-3100.000	38.538
-12000.000	38.538
2019-11-05 10:18:00	79	2
-0.000	38.387
-5.000	38.387
-10.000	38.387
-15.000	38.386
-20.000	38.386
-25.000	38.380
-30.000	38.289
-35.000	38.149
-40.000	38.092
-45.000	38.093
-50.000	38.093
-55.000	38.094
-60.000	38.096
-65.000	38.095
-70.000	38.096
-75.000	38.098
-80.000	38.098
-85.000	38.099
-90.000	38.100
-95.000	38.101
-100.000	38.102
-125.000	38.107
-150.000	38.122
-175.000	38.160
-200.000	38.226
-225.000	38.315
-250.000	38.459
-275.000	38.573
-300.000	38.629
-325.000	38.688
-350.000	38.741
-375.000	38.776
-400.000	38.794
-425.000	38.806
-450.000	38.813
-475.000	38.814
-500.000	38.815
-550.000	38.822
-600.000	38.818
-650.000	38.811
-700.000	38.793
-750.000	38.767
-800.000	38.749
-850.000	38.720
-900.000	38.691
-950.000	38.672
-1000.000	38.657
-1050.000	38.637
-1100.000	38.616
-1150.000	38.607
-1200.000	38.606
-1250.000	38.605
-1300.000	38.594
-1350.000	38.579
-1400.000	38.569
-1450.000	38.569
-1500.000	38.569
-1550.000	38.569
-1600.000	38.568
-1650.000	38.557
-1700.000	38.554
-1750.000	38.552
-1800.000	38.546
-1850.000	38.542
-1900.000	38.538
-1950.000	38.535
-2000.000	38.535
-2100.000	38.535
-2200.000	38.535
-2300.000	38.535
-2400.000	38.535
-2500.000	38.535
-2600.000	38.535
-2700.000	38.535
-2800.000	38.535
-2900.000	38.535
-3000.000	38.535
-3100.000	38.535
-12000.000	38.535
2019-11-08 10:19:00	79	2
-0.000	38.302
-5.000	38.303
-10.000	38.303
-15.000	38.304
-20.000	38.304
-25.000	38.304
-30.000	38.302
-35.000	38.220
-40.000	38.103
-45.000	38.089
-50.000	38.092
-55.000	38.093
-60.000	38.095
-65.000	38.096
-70.000	38.097
-75.000	38.098
-80.000	38.099
-85.000	38.100
-90.000	38.101
-95.000	38.103
-100.000	38.104
-125.000	38.115
-150.000	38.143
-175.000	38.194
-200.000	38.262
-225.000	38.380
-250.000	38.490
-275.000	38.596
-300.000	38.654
-325.000	38.700
-350.000	38.751
-375.000	38.781
-400.000	38.794
-425.000	38.802
-450.000	38.802
-475.000	38.808
-500.000	38.819
-550.000	38.822
-600.000	38.820
-650.000	38.809
-700.000	38.790
-750.000	38.766
-800.000	38.741
-850.000	38.717
-900.000	38.692
-950.000	38.668
-1000.000	38.655
-1050.000	38.636
-1100.000	38.615
-1150.000	38.606
-1200.000	38.605
-1250.000	38.605
-1300.000	38.598
-1350.000	38.584
-1400.000	38.573
-1450.000	38.567
-1500.000	38.566
-1550.000	38.565
-1600.000	38.562
-1650.000	38.558
-1700.000	38.554
-1750.000	38.550
-1800.000	38.546
-1850.000	38.544
-1900.000	38.542
-1950.000	38.531
-2000.000	38.528
-2100.000	38.528
-2200.000	38.528
-2300.000	38.528
-2400.000	38.528
-2500.000	38.528
-2600.000	38.528
-2700.000	38.528
-2800.000	38.528
-2900.000	38.528
-3000.000	38.528
-3100.000	38.528
-12000.000	38.528
2019-11-11 10:17:00	79	2
-0.000	38.321
-5.000	38.330
-10.000	38.333
-15.000	38.333
-20.000	38.333
-25.000	38.332
-30.000	38.327
-35.000	38.248
-40.000	38.131
-45.000	38.097
-50.000	38.092
-55.000	38.092
-60.000	38.092
-65.000	38.094
-70.000	38.096
-75.000	38.098
-80.000	38.100
-85.000	38.100
-90.000	38.101
-95.000	38.102
-100.000	38.103
-125.000	38.115
-150.000	38.147
-175.000	38.201
-200.000	38.253
-225.000	38.355
-250.000	38.489
-275.000	38.590
-300.000	38.661
-325.000	38.707
-350.000	38.761
-375.000	38.781
-400.000	38.794
-425.000	38.805
-450.000	38.813
-475.000	38.816
-500.000	38.820
-550.000	38.822
-600.000	38.814
-650.000	38.801
-700.000	38.782
-750.000	38.764
-800.000	38.742
-850.000	38.723
-900.000	38.695
-950.000	38.678
-1000.000	38.657
-1050.000	38.635
-1100.000	38.618
-1150.000	38.606
-1200.000	38.605
-1250.000	38.605
-1300.000	38.600
-1350.000	38.582
-1400.000	38.572
-1450.000	38.568
-1500.000	38.568
-1550.000	38.568
-1600.000	38.566
-1650.000	38.559
-1700.000	38.552
-1750.000	38.549
-1800.000	38.545
-1850.000	38.540
-1900.000	38.538
-1950.000	38.535
-2000.000	38.534
-2100.000	38.534
-2200.000	38.534
-2300.000	38.534
-2400.000	38.534
-2500.000	38.534
-2600.000	38.534
-2700.000	38.534
-2800.000	38.534
-2900.000	38.534
-3000.000	38.534
-3100.000	38.534
-12000.000	38.534
2019-11-14 10:14:00	79	2
-0.000	38.326
-5.000	38.331
-10.000	38.332
-15.000	38.332
-20.000	38.332
-25.000	38.331
-30.000	38.332
-35.000	38.330
-40.000	38.276
-45.000	38.155
-50.000	38.093
-55.000	38.093
-60.000	38.095
-65.000	38.096
-70.000	38.098
-75.000	38.099
-80.000	38.100
-85.000	38.101
-90.000	38.101
-95.000	38.101
-100.000	38.102
-125.000	38.107
-150.000	38.126
-175.000	38.186
-200.000	38.267
-225.000	38.363
-250.000	38.469
-275.000	38.585
-300.000	38.669
-325.000	38.727
-350.000	38.757
-375.000	38.783
-400.000	38.806
-425.000	38.816
-450.000	38.820
-475.000	38.823
-500.000	38.819
-550.000	38.823
-600.000	38.818
-650.000	38.808
-700.000	38.786
-750.000	38.763
-800.000	38.742
-850.000	38.724
-900.000	38.709
-950.000	38.690
-1000.000	38.671
-1050.000	38.652
-1100.000	38.630
-1150.000	38.616
-1200.000	38.606
-1250.000	38.605
-1300.000	38.603
-1350.000	38.591
-1400.000	38.580
-1450.000	38.573
-1500.000	38.567
-1550.000	38.566
-1600.000	38.561
-1650.000	38.556
-1700.000	38.554
-1750.000	38.551
-1800.000	38.548
-1850.000	38.544
-1900.000	38.541
-1950.000	38.539
-2000.000	38.539
-2100.000	38.539
-2200.000	38.539
-2300.000	38.539
-2400.000	38.539
-2500.000	38.539
-2600.000	38.539
-2700.000	38.539
-2800.000	38.539
-2900.000	38.539
-3000.000	38.539
-3100.000	38.539
-12000.000	38.539
2019-11-17 10:22:00	79	2
-0.000	38.264
-5.000	38.269
-10.000	38.272
-15.000	38.268
-20.000	38.264
-25.000	38.256
-30.000	38.222
-35.000	38.091
-40.000	37.790
-45.000	37.779
-50.000	37.907
-55.000	37.927
-60.000	37.963
-65.000	37.990
-70.000	38.014
-75.000	38.031
-80.000	38.046
-85.000	38.054
-90.000	38.056
-95.000	38.066
-100.000	38.079
-125.000	38.112
-150.000	38.146
-175.000	38.207
-200.000	38.283
-225.000	38.423
-250.000	38.542
-275.000	38.626
-300.000	38.689
-325.000	38.738
-350.000	38.770
-375.000	38.787
-400.000	38.799
-425.000	38.810
-450.000	38.817
-475.000	38.817
-500.000	38.817
-550.000	38.812
-600.000	38.806
-650.000	38.786
-700.000	38.762
-750.000	38.742
-800.000	38.724
-850.000	38.704
-900.000	38.678
-950.000	38.663
-1000.000	38.649
-1050.000	38.627
-1100.000	38.612
-1150.000	38.606
-1200.000	38.605
-1250.000	38.596
-1300.000	38.589
-1350.000	38.577
-1400.000	38.570
-1450.000	38.569
-1500.000	38.569
-1550.000	38.568
-1600.000	38.565
-1650.000	38.556
-1700.000	38.552
-1750.000	38.550
-1800.000	38.547
-1850.000	38.542
-1900.000	38.537
-1950.000	38.533
-2000.000	38.533
-2100.000	38.533
-2200.000	38.533
-2300.000	38.533
-2400.000	38.533
-2500.000	38.533
-2600.000	38.533
-2700.000	38.533
-2800.000	38.533
-2900.000	38.533
-3000.000	38.533
-3100.000	38.533
-12000.000	38.533
2019-11-20 10:16:00	79	2
-0.000	38.294
-5.000	38.297
-10.000	38.298
-15.000	38.298
-20.000	38.297
-25.000	38.297
-30.000	38.297
-35.000	38.294
-40.000	38.241
-45.000	38.137
-50.000	38.092
-55.000	38.095
-60.000	38.097
-65.000	38.099
-70.000	38.099
-75.000	38.100
-80.000	38.101
-85.000	38.102
-90.000	38.103
-95.000	38.105
-100.000	38.107
-125.000	38.123
-150.000	38.174
-175.000	38.235
-200.000	38.328
-225.000	38.452
-250.000	38.561
-275.000	38.654
-300.000	38.719
-325.000	38.769
-350.000	38.788
-375.000	38.801
-400.000	38.810
-425.000	38.817
-450.000	38.823
-475.000	38.824
-500.000	38.823
-550.000	38.819
-600.000	38.816
-650.000	38.802
-700.000	38.787
-750.000	38.759
-800.000	38.731
-850.000	38.709
-900.000	38.678
-950.000	38.662
-1000.000	38.639
-1050.000	38.625
-1100.000	38.609
-1150.000	38.605
-1200.000	38.606
-1250.000	38.600
-1300.000	38.593
-1350.000	38.579
-1400.000	38.570
-1450.000	38.569
-1500.000	38.569
-1550.000	38.569
-1600.000	38.566
-1650.000	38.554
-1700.000	38.553
-1750.000	38.551
-1800.000	38.548
-1850.000	38.543
-1900.000	38.538
-1950.000	38.537
-2000.000	38.537
-2100.000	38.537
-2200.000	38.537
-2300.000	38.537
-2400.000	38.537
-2500.000	38.537
-2600.000	38.537
-2700.000	38.537
-2800.000	38.537
-2900.000	38.537
-3000.000	38.537
-3100.000	38.537
-12000.000	38.537
2019-11-23 10:13:00	79	2
-0.000	38.315
-5.000	38.292
-10.000	38.284
-15.000	38.283
-20.000	38.283
-25.000	38.283
-30.000	38.283
-35.000	38.283
-40.000	38.275
-45.000	38.205
-50.000	38.117
-55.000	38.094
-60.000	38.096
-65.000	38.098
-70.000	38.100
-75.000	38.101
-80.000	38.102
-85.000	38.103
-90.000	38.103
-95.000	38.104
-100.000	38.105
-125.000	38.114
-150.000	38.139
-175.000	38.201
-200.000	38.291
-225.000	38.418
-250.000	38.561
-275.000	38.645
-300.000	38.719
-325.000	38.758
-350.000	38.788
-375.000	38.806
-400.000	38.815
-425.000	38.819
-450.000	38.824
-475.000	38.825
-500.000	38.822
-550.000	38.817
-600.000	38.808
-650.000	38.801
-700.000	38.788
-750.000	38.773
-800.000	38.745
-850.000	38.720
-900.000	38.697
-950.000	38.668
-1000.000	38.650
-1050.000	38.619
-1100.000	38.610
-1150.000	38.607
-1200.000	38.608
-1250.000	38.605
-1300.000	38.595
-1350.000	38.581
-1400.000	38.571
-1450.000	38.569
-1500.000	38.568
-1550.000	38.566
-1600.000	38.562
-1650.000	38.556
-1700.000	38.551
-1750.000	38.550
-1800.000	38.547
-1850.000	38.544
-1900.000	38.541
-1950.000	38.538
-2000.000	38.538
-2100.000	38.538
-2200.000	38.538
-2300.000	38.538
-2400.000	38.538
-2500.000	38.538
-2600.000	38.538
-2700.000	38.538
-2800.000	38.538
-2900.000	38.538
-3000.000	38.538
-3100.000	38.538
-12000.000	38.538
2019-11-26 10:12:00	79	2
-0.000	38.292
-5.000	38.294
-10.000	38.294
-15.000	38.294
-20.000	38.295
-25.000	38.295
-30.000	38.294
-35.000	38.294
-40.000	38.293
-45.000	38.260
-50.000	38.157
-55.000	38.094
-60.000	38.095
-65.000	38.098
-70.000	38.099
-75.000	38.100
-80.000	38.101
-85.000	38.103
-90.000	38.103
-95.000	38.104
-100.000	38.105
-125.000	38.115
-150.000	38.149
-175.000	38.204
-200.000	38.261
-225.000	38.404
-250.000	38.530
-275.000	38.625
-300.000	38.720
-325.000	38.759
-350.000	38.792
-375.000	38.809
-400.000	38.820
-425.000	38.816
-450.000	38.818
-475.000	38.817
-500.000	38.823
-550.000	38.818
-600.000	38.808
-650.000	38.796
-700.000	38.782
-750.000	38.762
-800.000	38.732
-850.000	38.716
-900.000	38.693
-950.000	38.679
-1000.000	38.657
-1050.000	38.635
-1100.000	38.612
-1150.000	38.607
-1200.000	38.607
-1250.000	38.606
-1300.000	38.598
-1350.000	38.576
-1400.000	38.570
-1450.000	38.568
-1500.000	38.567
-1550.000	38.567
-1600.000	38.563
-1650.000	38.559
-1700.000	38.556
-1750.000	38.554
-1800.000	38.552
-1850.000	38.543
-1900.000	38.540
-1950.000	38.540
-2000.000	38.540
-2100.000	38.540
-2200.000	38.540
-2300.000	38.540
-2400.000	38.540
-2500.000	38.540
-2600.000	38.540
-2700.000	38.540
-2800.000	38.540
-2900.000	38.540
-3000.000	38.540
-3100.000	38.540
-12000.000	38.540
2019-11-29 10:21:00	79	2
-0.000	38.313
-5.000	38.313
-10.000	38.313
-15.000	38.313
-20.000	38.313
-25.000	38.313
-30.000	38.313
-35.000	38.313
-40.000	38.312
-45.000	38.271
-50.000	38.158
-55.000	38.097
-60.000	38.096
-65.000	38.098
-70.000	38.100
-75.000	38.101
-80.000	38.102
-85.000	38.103
-90.000	38.104
-95.000	38.106
-100.000	38.107
-125.000	38.122
-150.000	38.155
-175.000	38.222
-200.000	38.298
-225.000	38.405
-250.000	38.544
-275.000	38.633
-300.000	38.685
-325.000	38.736
-350.000	38.753
-375.000	38.782
-400.000	38.802
-425.000	38.808
-450.000	38.818
-475.000	38.823
-500.000	38.822
-550.000	38.821
-600.000	38.819
-650.000	38.808
-700.000	38.785
-750.000	38.753
-800.000	38.742
-850.000	38.724
-900.000	38.704
-950.000	38.682
-1000.000	38.661
-1050.000	38.644
-1100.000	38.616
-1150.000	38.607
-1200.000	38.607
-1250.000	38.597
-1300.000	38.587
-1350.000	38.577
-1400.000	38.571
-1450.000	38.568
-1500.000	38.567
-1550.000	38.567
-1600.000	38.564
-1650.000	38.558
-1700.000	38.554
-1750.000	38.552
-1800.000	38.550
-1850.000	38.546
-1900.000	38.539
-1950.000	38.535
-2000.000	38.534
-2100.000	38.534
-2200.000	38.534
-2300.000	38.534
-2400.000	38.534
-2500.000	38.534
-2600.000	38.534
-2700.000	38.534
-2800.000	38.534
-2900.000	38.534
-3000.000	38.534
-3100.000	38.534
-12000.000	38.534
2019-12-02 10:18:00	79	2
-0.000	38.299
-5.000	38.299
-10.000	38.300
-15.000	38.300
-20.000	38.300
-25.000	38.300
-30.000	38.300
-35.000	38.300
-40.000	38.299
-45.000	38.299
-50.000	38.286
-55.000	38.199
-60.000	38.117
-65.000	38.099
-70.000	38.100
-75.000	38.101
-80.000	38.101
-85.000	38.102
-90.000	38.102
-95.000	38.103
-100.000	38.104
-125.000	38.112
-150.000	38.131
-175.000	38.175
-200.000	38.246
-225.000	38.347
-250.000	38.472
-275.000	38.570
-300.000	38.650
-325.000	38.717
-350.000	38.765
-375.000	38.788
-400.000	38.805
-425.000	38.806
-450.000	38.809
-475.000	38.812
-500.000	38.819
-550.000	38.823
-600.000	38.821
-650.000	38.811
-700.000	38.792
-750.000	38.768
-800.000	38.745
-850.000	38.722
-900.000	38.707
-950.000	38.683
-1000.000	38.662
-1050.000	38.651
-1100.000	38.628
-1150.000	38.616
-1200.000	38.608
-1250.000	38.599
-1300.000	38.585
-1350.000	38.578
-1400.000	38.575
-1450.000	38.569
-1500.000	38.568
-1550.000	38.568
-1600.000	38.567
-1650.000	38.566
-1700.000	38.564
-1750.000	38.556
-1800.000	38.554
-1850.000	38.552
-1900.000	38.547
-1950.000	38.541
-2000.000	38.541
-2100.000	38.541
-2200.000	38.541
-2300.000	38.541
-2400.000	38.541
-2500.000	38.541
-2600.000	38.541
-2700.000	38.541
-2800.000	38.541
-2900.000	38.541
-3000.000	38.541
-3100.000	38.541
-12000.000	38.541
2019-12-05 10:20:00	79	2
-0.000	38.313
-5.000	38.315
-10.000	38.315
-15.000	38.315
-20.000	38.315
-25.000	38.315
-30.000	38.315
-35.000	38.314
-40.000	38.312
-45.000	38.282
-50.000	38.209
-55.000	38.129
-60.000	38.099
-65.000	38.100
-70.000	38.100
-75.000	38.100
-80.000	38.101
-85.000	38.103
-90.000	38.104
-95.000	38.104
-100.000	38.105
-125.000	38.112
-150.000	38.143
-175.000	38.189
-200.000	38.247
-225.000	38.336
-250.000	38.488
-275.000	38.562
-300.000	38.643
-325.000	38.714
-350.000	38.760
-375.000	38.791
-400.000	38.798
-425.000	38.808
-450.000	38.809
-475.000	38.811
-500.000	38.822
-550.000	38.823
-600.000	38.815
-650.000	38.803
-700.000	38.785
-750.000	38.763
-800.000	38.737
-850.000	38.724
-900.000	38.695
-950.000	38.673
-1000.000	38.656
-1050.000	38.642
-1100.000	38.627
-1150.000	38.610
-1200.000	38.607
-1250.000	38.605
-1300.000	38.592
-1350.000	38.578
-1400.000	38.572
-1450.000	38.571
-1500.000	38.570
-1550.000	38.569
-1600.000	38.568
-1650.000	38.564
-1700.000	38.557
-1750.000	38.554
-1800.000	38.551
-1850.000	38.546
-1900.000	38.542
-1950.000	38.539
-2000.000	38.538
-2100.000	38.538
-2200.000	38.538
-2300.000	38.538
-2400.000	38.538
-2500.000	38.538
-2600.000	38.538
-2700.000	38.538
-2800.000	38.538
-2900.000	38.538
-3000.000	38.538
-3100.000	38.538
-12000.000	38.538
2019-12-08 10:16:00	79	2
-0.000	38.242
-5.000	38.261
-10.000	38.267
-15.000	38.267
-20.000	38.267
-25.000	38.268
-30.000	38.270
-35.000	38.271
-40.000	38.273
-45.000	38.275
-50.000	38.280
-55.000	38.248
-60.000	38.157
-65.000	38.099
-70.000	38.098
-75.000	38.098
-80.000	38.100
-85.000	38.102
-90.000	38.103
-95.000	38.103
-100.000	38.104
-125.000	38.109
-150.000	38.134
-175.000	38.197
-200.000	38.260
-225.000	38.347
-250.000	38.467
-275.000	38.586
-300.000	38.667
-325.000	38.713
-350.000	38.757
-375.000	38.778
-400.000	38.802
-425.000	38.814
-450.000	38.813
-475.000	38.820
-500.000	38.824
-550.000	38.824
-600.000	38.818
-650.000	38.808
-700.000	38.789
-750.000	38.770
-800.000	38.744
-850.000	38.720
-900.000	38.695
-950.000	38.669
-1000.000	38.655
-1050.000	38.638
-1100.000	38.619
-1150.000	38.608
-1200.000	38.608
-1250.000	38.603
-1300.000	38.589
-1350.000	38.584
-1400.000	38.572
-1450.000	38.569
-1500.000	38.568
-1550.000	38.568
-1600.000	38.566
-1650.000	38.563
-1700.000	38.557
-1750.000	38.553
-1800.000	38.550
-1850.000	38.548
-1900.000	38.543
-1950.000	38.541
-2000.000	38.540
-2100.000	38.540
-2200.000	38.540
-2300.000	38.540
-2400.000	38.540
-2500.000	38.540
-2600.000	38.540
-2700.000	38.540
-2800.000	38.540
-2900.000	38.540
-3000.000	38.540
-3100.000	38.540
-12000.000	38.540
2019-12-11 10:17:00	79	2
-0.000	38.299
-5.000	38.298
-10.000	38.298
-15.000	38.298
-20.000	38.298
-25.000	38.298
-30.000	38.298
-35.000	38.298
-40.000	38.298
-45.000	38.295
-50.000	38.256
-55.000	38.180
-60.000	38.122
-65.000	38.103
-70.000	38.101
-75.000	38.102
-80.000	38.103
-85.000	38.104
-90.000	38.105
-95.000	38.107
-100.000	38.107
-125.000	38.117
-150.000	38.143
-175.000	38.198
-200.000	38.250
-225.000	38.339
-250.000	38.469
-275.000	38.593
-300.000	38.700
-325.000	38.737
-350.000	38.763
-375.000	38.782
-400.000	38.798
-425.000	38.803
-450.000	38.812
-475.000	38.816
-500.000	38.821
-550.000	38.826
-600.000	38.820
-650.000	38.811
-700.000	38.786
-750.000	38.772
-800.000	38.754
-850.000	38.733
-900.000	38.711
-950.000	38.688
-1000.000	38.665
-1050.000	38.654
-1100.000	38.634
-1150.000	38.611
-1200.000	38.604
-1250.000	38.602
-1300.000	38.598
-1350.000	38.585
-1400.000	38.573
-1450.000	38.570
-1500.000	38.569
-1550.000	38.568
-1600.000	38.565
-1650.000	38.558
-1700.000	38.554
-1750.000	38.553
-1800.000	38.549
-1850.000	38.543
-1900.000	38.542
-1950.000	38.539
-2000.000	38.538
-2100.000	38.538
-2200.000	38.538
-2300.000	38.538
-2400.000	38.538
-2500.000	38.538
-2600.000	38.538
-2700.000	38.538
-2800.000	38.538
-2900.000	38.538
-3000.000	38.538
-3100.000	38.538
-12000.000	38.538
2019-12-14 10:19:00	79	2
-0.000	38.245
-5.000	38.246
-10.000	38.245
-15.000	38.245
-20.000	38.245
-25.000	38.245
-30.000	38.245
-35.000	38.245
-40.000	38.245
-45.000	38.243
-50.000	38.241
-55.000	38.236
-60.000	38.221
-65.000	38.185
-70.000	38.142
-75.000	38.109
-80.000	38.102
-85.000	38.103
-90.000	38.104
-95.000	38.105
-100.000	38.106
-125.000	38.114
-150.000	38.141
-175.000	38.202
-200.000	38.282
-225.000	38.428
-250.000	38.512
-275.000	38.600
-300.000	38.659
-325.000	38.733
-350.000	38.767
-375.000	38.787
-400.000	38.802
-425.000	38.812
-450.000	38.814
-475.000	38.813
-500.000	38.818
-550.000	38.827
-600.000	38.823
-650.000	38.818
-700.000	38.796
-750.000	38.771
-800.000	38.751
-850.000	38.733
-900.000	38.708
-950.000	38.686
-1000.000	38.670
-1050.000	38.655
-1100.000	38.632
-1150.000	38.616
-1200.000	38.609
-1250.000	38.600
-1300.000	38.594
-1350.000	38.584
-1400.000	38.572
-1450.000	38.568
-1500.000	38.567
-1550.000	38.568
-1600.000	38.562
-1650.000	38.555
-1700.000	38.552
-1750.000	38.549
-1800.000	38.546
-1850.000	38.543
-1900.000	38.540
-1950.000	38.537
-2000.000	38.537
-2100.000	38.537
-2200.000	38.537
-2300.000	38.537
-2400.000	38.537
-2500.000	38.537
-2600.000	38.537
-2700.000	38.537
-2800.000	38.537
-2900.000	38.537
-3000.000	38.537
-3100.000	38.537
-12000.000	38.537
2019-12-17 10:15:00	79	2
-0.000	38.270
-5.000	38.270
-10.000	38.270
-15.000	38.271
-20.000	38.272
-25.000	38.271
-30.000	38.272
-35.000	38.272
-40.000	38.271
-45.000	38.270
-50.000	38.265
-55.000	38.254
-60.000	38.212
-65.000	38.155
-70.000	38.112
-75.000	38.093
-80.000	38.094
-85.000	38.096
-90.000	38.100
-95.000	38.103
-100.000	38.103
-125.000	38.111
-150.000	38.128
-175.000	38.188
-200.000	38.248
-225.000	38.375
-250.000	38.498
-275.000	38.603
-300.000	38.664
-325.000	38.716
-350.000	38.748
-375.000	38.785
-400.000	38.796
-425.000	38.802
-450.000	38.810
-475.000	38.816
-500.000	38.822
-550.000	38.824
-600.000	38.818
-650.000	38.804
-700.000	38.787
-750.000	38.768
-800.000	38.752
-850.000	38.729
-900.000	38.703
-950.000	38.674
-1000.000	38.661
-1050.000	38.655
-1100.000	38.636
-1150.000	38.618
-1200.000	38.606
-1250.000	38.604
-1300.000	38.597
-1350.000	38.591
-1400.000	38.584
-1450.000	38.576
-1500.000	38.571
-1550.000	38.569
-1600.000	38.570
-1650.000	38.569
-1700.000	38.562
-1750.000	38.558
-1800.000	38.554
-1850.000	38.552
-1900.000	38.547
-1950.000	38.541
-2000.000	38.540
-2100.000	38.540
-2200.000	38.540
-2300.000	38.540
-2400.000	38.540
-2500.000	38.540
-2600.000	38.540
-2700.000	38.540
-2800.000	38.540
-2900.000	38.540
-3000.000	38.540
-3100.000	38.540
-12000.000	38.540
2019-12-20 10:18:00	79	2
-0.000	38.197
-5.000	38.199
-10.000	38.199
-15.000	38.198
-20.000	38.198
-25.000	38.198
-30.000	38.200
-35.000	38.204
-40.000	38.214
-45.000	38.221
-50.000	38.223
-55.000	38.222
-60.000	38.210
-65.000	38.175
-70.000	38.136
-75.000	38.115
-80.000	38.106
-85.000	38.105
-90.000	38.106
-95.000	38.108
-100.000	38.109
-125.000	38.126
-150.000	38.162
-175.000	38.235
-200.000	38.306
-225.000	38.434
-250.000	38.562
-275.000	38.628
-300.000	38.677
-325.000	38.736
-350.000	38.766
-375.000	38.791
-400.000	38.808
-425.000	38.814
-450.000	38.819
-475.000	38.823
-500.000	38.825
-550.000	38.816
-600.000	38.808
-650.000	38.796
-700.000	38.771
-750.000	38.747
-800.000	38.732
-850.000	38.714
-900.000	38.688
-950.000	38.668
-1000.000	38.647
-1050.000	38.636
-1100.000	38.617
-1150.000	38.608
-1200.000	38.599
-1250.000	38.595
-1300.000	38.589
-1350.000	38.580
-1400.000	38.572
-1450.000	38.570
-1500.000	38.569
-1550.000	38.570
-1600.000	38.568
-1650.000	38.562
-1700.000	38.558
-1750.000	38.555
-1800.000	38.553
-1850.000	38.550
-1900.000	38.545
-1950.000	38.542
-2000.000	38.541
-2100.000	38.541
-2200.000	38.541
-2300.000	38.541
-2400.000	38.541
-2500.000	38.541
-2600.000	38.541
-2700.000	38.541
-2800.000	38.541
-2900.000	38.541
-3000.000	38.541
-3100.000	38.541
-12000.000	38.541
2019-12-23 10:17:00	79	2
-0.000	38.190
-5.000	38.191
-10.000	38.191
-15.000	38.191
-20.000	38.191
-25.000	38.191
-30.000	38.190
-35.000	38.190
-40.000	38.190
-45.000	38.190
-50.000	38.190
-55.000	38.190
-60.000	38.190
-65.000	38.188
-70.000	38.182
-75.000	38.161
-80.000	38.130
-85.000	38.112
-90.000	38.107
-95.000	38.110
-100.000	38.113
-125.000	38.133
-150.000	38.159
-175.000	38.214
-200.000	38.292
-225.000	38.460
-250.000	38.556
-275.000	38.652
-300.000	38.704
-325.000	38.750
-350.000	38.769
-375.000	38.790
-400.000	38.807
-425.000	38.818
-450.000	38.825
-475.000	38.825
-500.000	38.820
-550.000	38.824
-600.000	38.817
-650.000	38.803
-700.000	38.800
-750.000	38.747
-800.000	38.719
-850.000	38.701
-900.000	38.676
-950.000	38.664
-1000.000	38.649
-1050.000	38.632
-1100.000	38.614
-1150.000	38.605
-1200.000	38.606
-1250.000	38.604
-1300.000	38.593
-1350.000	38.581
-1400.000	38.574
-1450.000	38.572
-1500.000	38.572
-1550.000	38.572
-1600.000	38.570
-1650.000	38.564
-1700.000	38.556
-1750.000	38.553
-1800.000	38.548
-1850.000	38.543
-1900.000	38.540
-1950.000	38.539
-2000.000	38.539
-2100.000	38.539
-2200.000	38.539
-2300.000	38.539
-2400.000	38.539
-2500.000	38.539
-2600.000	38.539
-2700.000	38.539
-2800.000	38.539
-2900.000	38.539
-3000.000	38.539
-3100.000	38.539
-12000.000	38.539
2019-12-26 10:25:00	79	2
-0.000	38.220
-5.000	38.219
-10.000	38.218
-15.000	38.218
-20.000	38.218
-25.000	38.218
-30.000	38.218
-35.000	38.218
-40.000	38.218
-45.000	38.218
-50.000	38.218
-55.000	38.218
-60.000	38.218
-65.000	38.218
-70.000	38.218
-75.000	38.218
-80.000	38.218
-85.000	38.216
-90.000	38.205
-95.000	38.162
-100.000	38.120
-125.000	38.123
-150.000	38.150
-175.000	38.201
-200.000	38.265
-225.000	38.383
-250.000	38.553
-275.000	38.631
-300.000	38.689
-325.000	38.744
-350.000	38.772
-375.000	38.794
-400.000	38.807
-425.000	38.817
-450.000	38.823
-475.000	38.824
-500.000	38.823
-550.000	38.821
-600.000	38.814
-650.000	38.810
-700.000	38.798
-750.000	38.763
-800.000	38.744
-850.000	38.704
-900.000	38.672
-950.000	38.655
-1000.000	38.638
-1050.000	38.627
-1100.000	38.607
-1150.000	38.609
-1200.000	38.609
-1250.000	38.609
-1300.000	38.596
-1350.000	38.579
-1400.000	38.572
-1450.000	38.572
-1500.000	38.572
-1550.000	38.572
-1600.000	38.572
-1650.000	38.562
-1700.000	38.556
-1750.000	38.556
-1800.000	38.555
-1850.000	38.542
-1900.000	38.541
-1950.000	38.541
-2000.000	38.541
-2100.000	38.541
-2200.000	38.541
-2300.000	38.541
-2400.000	38.541
-2500.000	38.541
-2600.000	38.541
-2700.000	38.541
-2800.000	38.541
-2900.000	38.541
-3000.000	38.541
-3100.000	38.541
-12000.000	38.541
2019-12-29 10:19:00	79	2
-0.000	38.196
-5.000	38.196
-10.000	38.197
-15.000	38.197
-20.000	38.197
-25.000	38.198
-30.000	38.198
-35.000	38.198
-40.000	38.197
-45.000	38.197
-50.000	38.197
-55.000	38.198
-60.000	38.198
-65.000	38.198
-70.000	38.200
-75.000	38.201
-80.000	38.191
-85.000	38.156
-90.000	38.119
-95.000	38.107
-100.000	38.105
-125.000	38.112
-150.000	38.131
-175.000	38.185
-200.000	38.252
-225.000	38.358
-250.000	38.511
-275.000	38.610
-300.000	38.674
-325.000	38.730
-350.000	38.766
-375.000	38.792
-400.000	38.807
-425.000	38.819
-450.000	38.825
-475.000	38.822
-500.000	38.826
-550.000	38.822
-600.000	38.810
-650.000	38.790
-700.000	38.789
-750.000	38.780
-800.000	38.735
-850.000	38.713
-900.000	38.690
-950.000	38.664
-1000.000	38.637
-1050.000	38.619
-1100.000	38.608
-1150.000	38.601
-1200.000	38.599
-1250.000	38.593
-1300.000	38.589
-1350.000	38.579
-1400.000	38.573
-1450.000	38.573
-1500.000	38.572
-1550.000	38.572
-1600.000	38.572
-1650.000	38.560
-1700.000	38.557
-1750.000	38.556
-1800.000	38.550
-1850.000	38.543
-1900.000	38.541
-1950.000	38.540
-2000.000	38.540
-2100.000	38.540
-2200.000	38.540
-2300.000	38.540
-2400.000	38.540
-2500.000	38.540
-2600.000	38.540
-2700.000	38.540
-2800.000	38.540
-2900.000	38.540
-3000.000	38.540
-3100.000	38.540
-12000.000	38.540
2020-01-01 10:15:00	79	2
-0.000	38.199
-5.000	38.199
-10.000	38.199
-15.000	38.199
-20.000	38.199
-25.000	38.199
-30.000	38.199
-35.000	38.199
-40.000	38.200
-45.000	38.199
-50.000	38.199
-55.000	38.199
-60.000	38.196
-65.000	38.185
-70.000	38.167
-75.000	38.143
-80.000	38.120
-85.000	38.107
-90.000	38.105
-95.000	38.106
-100.000	38.108
-125.000	38.119
-150.000	38.156
-175.000	38.220
-200.000	38.288
-225.000	38.394
-250.000	38.543
-275.000	38.648
-300.000	38.698
-325.000	38.744
-350.000	38.774
-375.000	38.801
-400.000	38.818
-425.000	38.824
-450.000	38.824
-475.000	38.822
-500.000	38.820
-550.000	38.814
-600.000	38.814
-650.000	38.802
-700.000	38.792
-750.000	38.758
-800.000	38.736
-850.000	38.723
-900.000	38.680
-950.000	38.648
-1000.000	38.625
-1050.000	38.616
-1100.000	38.605
-1150.000	38.602
-1200.000	38.594
-1250.000	38.586
-1300.000	38.576
-1350.000	38.568
-1400.000	38.572
-1450.000	38.572
-1500.000	38.572
-1550.000	38.569
-1600.000	38.556
-1650.000	38.556
-1700.000	38.557
-1750.000	38.556
-1800.000	38.545
-1850.000	38.541
-1900.000	38.541
-1950.000	38.532
-2000.000	38.532
-2100.000	38.532
-2200.000	38.532
-2300.000	38.532
-2400.000	38.532
-2500.000	38.532
-2600.000	38.532
-2700.000	38.532
-2800.000	38.532
-2900.000	38.532
-3000.000	38.532
-3100.000	38.532
-12000.000	38.532
2020-01-04 10:18:00	79	2
-0.000	38.192
-5.000	38.190
-10.000	38.189
-15.000	38.189
-20.000	38.189
-25.000	38.189
-30.000	38.189
-35.000	38.189
-40.000	38.189
-45.000	38.189
-50.000	38.189
-55.000	38.189
-60.000	38.189
-65.000	38.186
-70.000	38.181
-75.000	38.166
-80.000	38.149
-85.000	38.133
-90.000	38.119
-95.000	38.114
-100.000	38.117
-125.000	38.144
-150.000	38.190
-175.000	38.253
-200.000	38.381
-225.000	38.517
-250.000	38.623
-275.000	38.703
-300.000	38.747
-325.000	38.778
-350.000	38.798
-375.000	38.807
-400.000	38.811
-425.000	38.817
-450.000	38.817
-475.000	38.822
-500.000	38.820
-550.000	38.818
-600.000	38.810
-650.000	38.794
-700.000	38.788
-750.000	38.753
-800.000	38.733
-850.000	38.692
-900.000	38.657
-950.000	38.636
-1000.000	38.626
-1050.000	38.608
-1100.000	38.602
-1150.000	38.602
-1200.000	38.603
-1250.000	38.591
-1300.000	38.573
-1350.000	38.572
-1400.000	38.572
-1450.000	38.572
-1500.000	38.572
-1550.000	38.568
-1600.000	38.557
-1650.000	38.556
-1700.000	38.556
-1750.000	38.556
-1800.000	38.542
-1850.000	38.541
-1900.000	38.540
-1950.000	38.532
-2000.000	38.531
-2100.000	38.531
-2200.000	38.531
-2300.000	38.531
-2400.000	38.531
-2500.000	38.531
-2600.000	38.531
-2700.000	38.531
-2800.000	38.531
-2900.000	38.531
-3000.000	38.531
-3100.000	38.531
-12000.000	38.531
2020-01-07 10:17:00	79	2
-0.000	38.223
-5.000	38.222
-10.000	38.221
-15.000	38.222
-20.000	38.221
-25.000	38.221
-30.000	38.221
-35.000	38.222
-40.000	38.222
-45.000	38.222
-50.000	38.222
-55.000	38.222
-60.000	38.222
-65.000	38.222
-70.000	38.222
-75.000	38.222
-80.000	38.222
-85.000	38.223
-90.000	38.223
-95.000	38.223
-100.000	38.223
-125.000	38.141
-150.000	38.204
-175.000	38.287
-200.000	38.427
-225.000	38.526
-250.000	38.635
-275.000	38.703
-300.000	38.751
-325.000	38.787
-350.000	38.805
-375.000	38.815
-400.000	38.824
-425.000	38.830
-450.000	38.822
-475.000	38.822
-500.000	38.820
-550.000	38.813
-600.000	38.803
-650.000	38.781
-700.000	38.777
-750.000	38.747
-800.000	38.720
-850.000	38.699
-900.000	38.673
-950.000	38.635
-1000.000	38.620
-1050.000	38.612
-1100.000	38.608
-1150.000	38.609
-1200.000	38.607
-1250.000	38.587
-1300.000	38.573
-1350.000	38.573
-1400.000	38.572
-1450.000	38.572
-1500.000	38.572
-1550.000	38.568
-1600.000	38.557
-1650.000	38.556
-1700.000	38.556
-1750.000	38.548
-1800.000	38.542
-1850.000	38.541
-1900.000	38.540
-1950.000	38.535
-2000.000	38.535
-2100.000	38.535
-2200.000	38.535
-2300.000	38.535
-2400.000	38.535
-2500.000	38.535
-2600.000	38.535
-2700.000	38.535
-2800.000	38.535
-2900.000	38.535
-3000.000	38.535
-3100.000	38.535
-12000.000	38.535
2020-01-10 10:20:00	79	2
-0.000	38.108
-5.000	38.160
-10.000	38.171
-15.000	38.161
-20.000	38.158
-25.000	38.158
-30.000	38.160
-35.000	38.164
-40.000	38.167
-45.000	38.166
-50.000	38.165
-55.000	38.160
-60.000	38.152
-65.000	38.139
-70.000	38.120
-75.000	38.078
-80.000	37.991
-85.000	37.908
-90.000	37.962
-95.000	38.065
-100.000	38.096
-125.000	38.141
-150.000	38.206
-175.000	38.296
-200.000	38.430
-225.000	38.566
-250.000	38.625
-275.000	38.693
-300.000	38.749
-325.000	38.777
-350.000	38.801
-375.000	38.809
-400.000	38.814
-425.000	38.817
-450.000	38.817
-475.000	38.818
-500.000	38.811
-550.000	38.791
-600.000	38.780
-650.000	38.775
-700.000	38.763
-750.000	38.729
-800.000	38.692
-850.000	38.676
-900.000	38.657
-950.000	38.635
-1000.000	38.617
-1050.000	38.603
-1100.000	38.606
-1150.000	38.606
-1200.000	38.603
-1250.000	38.585
-1300.000	38.573
-1350.000	38.573
-1400.000	38.573
-1450.000	38.572
-1500.000	38.572
-1550.000	38.570
-1600.000	38.558
-1650.000	38.556
-1700.000	38.556
-1750.000	38.551
-1800.000	38.542
-1850.000	38.542
-1900.000	38.541
-1950.000	38.539
-2000.000	38.536
-2100.000	38.536
-2200.000	38.536
-2300.000	38.536
-2400.000	38.536
-2500.000	38.536
-2600.000	38.536
-2700.000	38.536
-2800.000	38.536
-2900.000	38.536
-3000.000	38.536
-3100.000	38.536
-12000.000	38.536
2020-01-13 10:13:00	79	2
-0.000	37.785
-5.000	37.830
-10.000	37.995
-15.000	38.133
-20.000	38.169
-25.000	38.178
-30.000	38.183
-35.000	38.195
-40.000	38.205
-45.000	38.204
-50.000	38.203
-55.000	38.201
-60.000	38.197
-65.000	38.196
-70.000	38.197
-75.000	38.197
-80.000	38.199
-85.000	38.200
-90.000	38.200
-95.000	38.195
-100.000	38.183
-125.000	38.160
-150.000	38.226
-175.000	38.312
-200.000	38.416
-225.000	38.582
-250.000	38.649
-275.000	38.710
-300.000	38.742
-325.000	38.784
-350.000	38.805
-375.000	38.813
-400.000	38.817
-425.000	38.823
-450.000	38.826
-475.000	38.825
-500.000	38.830
-550.000	38.808
-600.000	38.804
-650.000	38.807
-700.000	38.787
-750.000	38.768
-800.000	38.740
-850.000	38.690
-900.000	38.667
-950.000	38.633
-1000.000	38.630
-1050.000	38.610
-1100.000	38.609
-1150.000	38.609
-1200.000	38.599
-1250.000	38.577
-1300.000	38.573
-1350.000	38.573
-1400.000	38.573
-1450.000	38.573
-1500.000	38.573
-1550.000	38.565
-1600.000	38.556
-1650.000	38.556
-1700.000	38.556
-1750.000	38.547
-1800.000	38.542
-1850.000	38.541
-1900.000	38.541
-1950.000	38.537
-2000.000	38.532
-2100.000	38.532
-2200.000	38.532
-2300.000	38.532
-2400.000	38.532
-2500.000	38.532
-2600.000	38.532
-2700.000	38.532
-2800.000	38.532
-2900.000	38.532
-3000.000	38.532
-3100.000	38.532
-12000.000	38.532
2020-01-16 10:21:00	79	2
-0.000	38.462
-5.000	38.239
-10.000	38.174
-15.000	38.174
-20.000	38.174
-25.000	38.174
-30.000	38.174
-35.000	38.174
-40.000	38.175
-45.000	38.175
-50.000	38.175
-55.000	38.175
-60.000	38.176
-65.000	38.178
-70.000	38.180
-75.000	38.183
-80.000	38.184
-85.000	38.175
-90.000	38.147
-95.000	38.124
-100.000	38.119
-125.000	38.130
-150.000	38.174
-175.000	38.239
-200.000	38.312
-225.000	38.493
-250.000	38.603
-275.000	38.676
-300.000	38.733
-325.000	38.769
-350.000	38.790
-375.000	38.807
-400.000	38.815
-425.000	38.818
-450.000	38.822
-475.000	38.823
-500.000	38.825
-550.000	38.824
-600.000	38.798
-650.000	38.798
-700.000	38.783
-750.000	38.763
-800.000	38.733
-850.000	38.685
-900.000	38.664
-950.000	38.652
-1000.000	38.629
-1050.000	38.610
-1100.000	38.609
-1150.000	38.609
-1200.000	38.600
-1250.000	38.589
-1300.000	38.582
-1350.000	38.579
-1400.000	38.575
-1450.000	38.574
-1500.000	38.572
-1550.000	38.569
-1600.000	38.558
-1650.000	38.557
-1700.000	38.553
-1750.000	38.549
-1800.000	38.542
-1850.000	38.541
-1900.000	38.540
-1950.000	38.533
-2000.000	38.532
-2100.000	38.532
-2200.000	38.532
-2300.000	38.532
-2400.000	38.532
-2500.000	38.532
-2600.000	38.532
-2700.000	38.532
-2800.000	38.532
-2900.000	38.532
-3000.000	38.532
-3100.000	38.532
-12000.000	38.532
2020-01-19 10:14:00	79	2
-0.000	38.180
-5.000	38.180
-10.000	38.180
-15.000	38.181
-20.000	38.182
-25.000	38.183
-30.000	38.184
-35.000	38.184
-40.000	38.184
-45.000	38.184
-50.000	38.184
-55.000	38.184
-60.000	38.184
-65.000	38.184
-70.000	38.183
-75.000	38.183
-80.000	38.183
-85.000	38.182
-90.000	38.177
-95.000	38.165
-100.000	38.133
-125.000	38.108
-150.000	38.141
-175.000	38.222
-200.000	38.326
-225.000	38.466
-250.000	38.590
-275.000	38.689
-300.000	38.743
-325.000	38.765
-350.000	38.795
-375.000	38.810
-400.000	38.819
-425.000	38.820
-450.000	38.821
-475.000	38.820
-500.000	38.814
-550.000	38.812
-600.000	38.784
-650.000	38.783
-700.000	38.779
-750.000	38.757
-800.000	38.723
-850.000	38.694
-900.000	38.661
-950.000	38.648
-1000.000	38.632
-1050.000	38.605
-1100.000	38.605
-1150.000	38.599
-1200.000	38.594
-1250.000	38.582
-1300.000	38.554
-1350.000	38.568
-1400.000	38.569
-1450.000	38.566
-1500.000	38.567
-1550.000	38.562
-1600.000	38.552
-1650.000	38.557
-1700.000	38.555
-1750.000	38.551
-1800.000	38.543
-1850.000	38.541
-1900.000	38.541
-1950.000	38.539
-2000.000	38.539
-2100.000	38.539
-2200.000	38.539
-2300.000	38.539
-2400.000	38.539
-2500.000	38.539
-2600.000	38.539
-2700.000	38.539
-2800.000	38.539
-2900.000	38.539
-3000.000	38.539
-3100.000	38.539
-12000.000	38.539
