1.472102000000000022e+00
4.587477999999999945e+00
7.944124000000000407e+00
1.155863000000000085e+01
1.544871000000000016e+01
1.963329999999999842e+01
2.413265000000000171e+01
2.896836000000000055e+01
3.416353000000000151e+01
3.974284000000000106e+01
4.573264999999999958e+01
5.216111999999999682e+01
5.905834000000000117e+01
6.645644000000000062e+01
7.438975999999999544e+01
8.289494999999999436e+01
9.201117999999999597e+01
1.017802999999999969e+02
1.122467999999999932e+02
1.234586000000000041e+02
1.354664999999999964e+02
1.483249000000000137e+02
1.620919000000000096e+02
1.768292999999999893e+02
1.926033999999999935e+02
2.094846000000000004e+02
2.275484999999999900e+02
2.468752000000000066e+02
2.675507000000000062e+02
2.896662999999999784e+02
3.133197000000000116e+02
3.386150000000000091e+02
3.656630999999999858e+02
3.945822999999999752e+02
4.254988999999999919e+02
4.585471000000000004e+02
4.938702999999999861e+02
5.316209999999999809e+02
5.719616999999999507e+02
6.150656000000000176e+02
