2018-12-15 00:00:00	83	2
-0.0	16.558
-5.0	16.489
-10.0	16.495
-15.0	16.480
-20.0	16.476
-25.0	16.466
-30.0	16.456
-35.0	16.428
-40.0	16.382
-45.0	16.288
-50.0	16.138
-55.0	15.895
-60.0	15.586
-65.0	15.231
-70.0	14.936
-75.0	14.696
-80.0	14.491
-85.0	14.355
-90.0	14.261
-95.0	14.196
-100.0	14.137
-125.0	14.008
-150.0	14.033
-175.0	14.044
-200.0	14.063
-225.0	14.106
-250.0	14.111
-275.0	14.049
-300.0	14.046
-325.0	14.030
-350.0	14.017
-375.0	14.005
-400.0	13.992
-425.0	13.977
-450.0	13.961
-475.0	13.953
-500.0	13.936
-550.0	13.871
-600.0	13.808
-650.0	13.739
-700.0	13.675
-750.0	13.604
-800.0	13.536
-850.0	13.474
-900.0	13.409
-950.0	13.369
-1000.0	13.319
-1050.0	13.276
-1100.0	13.250
-1150.0	13.221
-1200.0	13.198
-1250.0	13.166
-1300.0	13.156
-1350.0	13.143
-1400.0	13.119
-1450.0	13.096
-1500.0	13.166
-1550.0	13.074
-1600.0	13.047
-1650.0	13.061
-1700.0	13.064
-1750.0	13.065
-1800.0	13.055
-1850.0	13.032
-1900.0	13.025
-1950.0	13.007
-2000.0	12.911
-2100.0	12.888
-2200.0	12.876
-2300.0	12.865
-2400.0	12.856
-2500.0	12.838
-2600.0	12.837
-2700.0	12.829
-2800.0	12.825
-2900.0	12.835
-3000.0	12.813
-3100.0	12.834
-3200.0	12.836
-3300.0	12.819
-3400.0	12.817
-3500.0	12.795
-12000	12.795
2019-01-15 00:00:00	83	2
-0.0	14.742
-5.0	14.683
-10.0	14.681
-15.0	14.687
-20.0	14.691
-25.0	14.691
-30.0	14.687
-35.0	14.682
-40.0	14.674
-45.0	14.667
-50.0	14.656
-55.0	14.646
-60.0	14.622
-65.0	14.572
-70.0	14.535
-75.0	14.486
-80.0	14.421
-85.0	14.361
-90.0	14.302
-95.0	14.254
-100.0	14.208
-125.0	14.060
-150.0	14.036
-175.0	14.035
-200.0	14.028
-225.0	14.104
-250.0	14.031
-275.0	14.024
-300.0	14.022
-325.0	14.019
-350.0	14.009
-375.0	14.000
-400.0	13.980
-425.0	13.961
-450.0	13.961
-475.0	13.935
-500.0	13.875
-550.0	13.800
-600.0	13.729
-650.0	13.700
-700.0	13.684
-750.0	13.579
-800.0	13.554
-850.0	13.545
-900.0	13.368
-950.0	13.355
-1000.0	13.304
-1050.0	13.290
-1100.0	13.304
-1150.0	13.216
-1200.0	13.191
-1250.0	13.192
-1300.0	13.213
-1350.0	13.180
-1400.0	13.174
-1450.0	13.238
-1500.0	13.153
-1550.0	13.074
-1600.0	13.047
-1650.0	13.061
-1700.0	13.064
-1750.0	13.065
-1800.0	13.055
-1850.0	13.032
-1900.0	13.025
-1950.0	13.007
-2000.0	12.911
-2100.0	12.888
-2200.0	12.876
-2300.0	12.865
-2400.0	12.856
-2500.0	12.838
-2600.0	12.837
-2700.0	12.829
-2800.0	12.825
-2900.0	12.835
-3000.0	12.813
-3100.0	12.834
-3200.0	12.836
-3300.0	12.819
-3400.0	12.817
-3500.0	12.795
-12000	12.795
2019-02-15 00:00:00	83	2
-0.0	14.040
-5.0	13.974
-10.0	13.963
-15.0	13.950
-20.0	13.951
-25.0	13.942
-30.0	13.939
-35.0	13.924
-40.0	13.908
-45.0	13.902
-50.0	13.902
-55.0	13.911
-60.0	13.900
-65.0	13.897
-70.0	13.894
-75.0	13.896
-80.0	13.897
-85.0	13.903
-90.0	13.898
-95.0	13.908
-100.0	13.916
-125.0	13.932
-150.0	13.968
-175.0	13.985
-200.0	13.999
-225.0	14.011
-250.0	13.985
-275.0	13.979
-300.0	13.980
-325.0	13.967
-350.0	13.954
-375.0	13.944
-400.0	13.931
-425.0	13.915
-450.0	13.892
-475.0	13.878
-500.0	13.829
-550.0	13.786
-600.0	13.780
-650.0	13.750
-700.0	13.706
-750.0	13.652
-800.0	13.666
-850.0	13.589
-900.0	13.518
-950.0	13.462
-1000.0	13.433
-1050.0	13.382
-1100.0	13.348
-1150.0	13.298
-1200.0	13.284
-1250.0	13.269
-1300.0	13.241
-1350.0	13.218
-1400.0	13.175
-1450.0	13.161
-1500.0	13.143
-1550.0	13.074
-1600.0	13.047
-1650.0	13.061
-1700.0	13.064
-1750.0	13.065
-1800.0	13.055
-1850.0	13.032
-1900.0	13.025
-1950.0	13.007
-2000.0	12.911
-2100.0	12.888
-2200.0	12.876
-2300.0	12.865
-2400.0	12.856
-2500.0	12.838
-2600.0	12.837
-2700.0	12.829
-2800.0	12.825
-2900.0	12.835
-3000.0	12.813
-3100.0	12.834
-3200.0	12.836
-3300.0	12.819
-3400.0	12.817
-3500.0	12.795
-12000	12.795
2019-03-15 00:00:00	83	2
-0.0	14.201
-5.0	14.103
-10.0	14.077
-15.0	14.042
-20.0	14.010
-25.0	13.975
-30.0	13.948
-35.0	13.923
-40.0	13.896
-45.0	13.876
-50.0	13.864
-55.0	13.852
-60.0	13.836
-65.0	13.820
-70.0	13.816
-75.0	13.810
-80.0	13.805
-85.0	13.815
-90.0	13.828
-95.0	13.834
-100.0	13.846
-125.0	13.906
-150.0	13.989
-175.0	14.025
-200.0	14.056
-225.0	14.072
-250.0	14.074
-275.0	14.009
-300.0	13.989
-325.0	13.981
-350.0	13.963
-375.0	13.941
-400.0	13.932
-425.0	13.920
-450.0	13.906
-475.0	13.841
-500.0	13.826
-550.0	13.759
-600.0	13.733
-650.0	13.766
-700.0	13.675
-750.0	13.599
-800.0	13.570
-850.0	13.514
-900.0	13.414
-950.0	13.369
-1000.0	13.353
-1050.0	13.293
-1100.0	13.252
-1150.0	13.239
-1200.0	13.230
-1250.0	13.253
-1300.0	13.189
-1350.0	13.170
-1400.0	13.102
-1450.0	13.127
-1500.0	13.091
-1550.0	13.074
-1600.0	13.047
-1650.0	13.061
-1700.0	13.064
-1750.0	13.065
-1800.0	13.055
-1850.0	13.032
-1900.0	13.025
-1950.0	13.007
-2000.0	12.911
-2100.0	12.888
-2200.0	12.876
-2300.0	12.865
-2400.0	12.856
-2500.0	12.838
-2600.0	12.837
-2700.0	12.829
-2800.0	12.825
-2900.0	12.835
-3000.0	12.813
-3100.0	12.834
-3200.0	12.836
-3300.0	12.819
-3400.0	12.817
-3500.0	12.795
-12000	12.795
2019-04-15 00:00:00	83	2
-0.0	15.307
-5.0	15.137
-10.0	15.045
-15.0	14.913
-20.0	14.778
-25.0	14.650
-30.0	14.507
-35.0	14.370
-40.0	14.249
-45.0	14.128
-50.0	14.036
-55.0	13.959
-60.0	13.898
-65.0	13.854
-70.0	13.820
-75.0	13.800
-80.0	13.781
-85.0	13.774
-90.0	13.766
-95.0	13.756
-100.0	13.752
-125.0	13.766
-150.0	13.797
-175.0	13.849
-200.0	13.888
-225.0	13.924
-250.0	13.933
-275.0	13.956
-300.0	13.954
-325.0	13.942
-350.0	13.937
-375.0	13.930
-400.0	13.919
-425.0	13.911
-450.0	13.902
-475.0	13.871
-500.0	13.817
-550.0	13.811
-600.0	13.749
-650.0	13.720
-700.0	13.635
-750.0	13.615
-800.0	13.521
-850.0	13.516
-900.0	13.373
-950.0	13.332
-1000.0	13.327
-1050.0	13.307
-1100.0	13.249
-1150.0	13.218
-1200.0	13.220
-1250.0	13.205
-1300.0	13.158
-1350.0	13.138
-1400.0	13.114
-1450.0	13.111
-1500.0	13.079
-1550.0	13.074
-1600.0	13.047
-1650.0	13.061
-1700.0	13.064
-1750.0	13.065
-1800.0	13.055
-1850.0	13.032
-1900.0	13.025
-1950.0	13.007
-2000.0	12.911
-2100.0	12.888
-2200.0	12.876
-2300.0	12.865
-2400.0	12.856
-2500.0	12.838
-2600.0	12.837
-2700.0	12.829
-2800.0	12.825
-2900.0	12.835
-3000.0	12.813
-3100.0	12.834
-3200.0	12.836
-3300.0	12.819
-3400.0	12.817
-3500.0	12.795
-12000	12.795
2019-05-15 00:00:00	83	2
-0.0	18.272
-5.0	17.835
-10.0	17.310
-15.0	16.853
-20.0	16.371
-25.0	15.915
-30.0	15.513
-35.0	15.176
-40.0	14.920
-45.0	14.699
-50.0	14.517
-55.0	14.364
-60.0	14.245
-65.0	14.156
-70.0	14.079
-75.0	14.031
-80.0	13.995
-85.0	13.975
-90.0	13.965
-95.0	13.954
-100.0	13.951
-125.0	13.849
-150.0	13.862
-175.0	13.872
-200.0	13.895
-225.0	13.889
-250.0	13.912
-275.0	13.942
-300.0	13.940
-325.0	13.935
-350.0	13.926
-375.0	13.912
-400.0	13.896
-425.0	13.878
-450.0	13.859
-475.0	13.828
-500.0	13.807
-550.0	13.769
-600.0	13.706
-650.0	13.705
-700.0	13.628
-750.0	13.567
-800.0	13.560
-850.0	13.516
-900.0	13.411
-950.0	13.362
-1000.0	13.329
-1050.0	13.297
-1100.0	13.262
-1150.0	13.227
-1200.0	13.198
-1250.0	13.195
-1300.0	13.188
-1350.0	13.090
-1400.0	13.065
-1450.0	13.098
-1500.0	13.106
-1550.0	13.074
-1600.0	13.047
-1650.0	13.061
-1700.0	13.064
-1750.0	13.065
-1800.0	13.055
-1850.0	13.032
-1900.0	13.025
-1950.0	13.007
-2000.0	12.911
-2100.0	12.888
-2200.0	12.876
-2300.0	12.865
-2400.0	12.856
-2500.0	12.838
-2600.0	12.837
-2700.0	12.829
-2800.0	12.825
-2900.0	12.835
-3000.0	12.813
-3100.0	12.834
-3200.0	12.836
-3300.0	12.819
-3400.0	12.817
-3500.0	12.795
-12000	12.795
2019-06-15 00:00:00	83	2
-0.0	21.893
-5.0	21.471
-10.0	20.836
-15.0	19.723
-20.0	18.576
-25.0	17.447
-30.0	16.555
-35.0	15.930
-40.0	15.495
-45.0	15.168
-50.0	14.882
-55.0	14.636
-60.0	14.472
-65.0	14.337
-70.0	14.227
-75.0	14.142
-80.0	14.070
-85.0	14.016
-90.0	13.980
-95.0	13.948
-100.0	13.921
-125.0	13.881
-150.0	13.870
-175.0	13.906
-200.0	13.929
-225.0	13.950
-250.0	13.942
-275.0	13.975
-300.0	13.974
-325.0	13.971
-350.0	13.970
-375.0	13.964
-400.0	13.959
-425.0	13.946
-450.0	13.929
-475.0	13.926
-500.0	13.920
-550.0	13.913
-600.0	13.761
-650.0	13.718
-700.0	13.644
-750.0	13.661
-800.0	13.542
-850.0	13.522
-900.0	13.340
-950.0	13.291
-1000.0	13.267
-1050.0	13.198
-1100.0	13.168
-1150.0	13.176
-1200.0	13.177
-1250.0	13.175
-1300.0	13.145
-1350.0	13.083
-1400.0	13.075
-1450.0	13.134
-1500.0	13.105
-1550.0	13.074
-1600.0	13.047
-1650.0	13.061
-1700.0	13.064
-1750.0	13.065
-1800.0	13.055
-1850.0	13.032
-1900.0	13.025
-1950.0	13.007
-2000.0	12.911
-2100.0	12.888
-2200.0	12.876
-2300.0	12.865
-2400.0	12.856
-2500.0	12.838
-2600.0	12.837
-2700.0	12.829
-2800.0	12.825
-2900.0	12.835
-3000.0	12.813
-3100.0	12.834
-3200.0	12.836
-3300.0	12.819
-3400.0	12.817
-3500.0	12.795
-12000	12.795
2019-07-15 00:00:00	83	2
-0.0	25.203
-5.0	24.715
-10.0	23.932
-15.0	22.598
-20.0	20.868
-25.0	19.162
-30.0	17.790
-35.0	16.856
-40.0	16.181
-45.0	15.652
-50.0	15.253
-55.0	14.954
-60.0	14.712
-65.0	14.516
-70.0	14.370
-75.0	14.253
-80.0	14.163
-85.0	14.090
-90.0	14.040
-95.0	13.998
-100.0	13.965
-125.0	13.904
-150.0	13.905
-175.0	13.920
-200.0	13.936
-225.0	13.955
-250.0	13.924
-275.0	13.945
-300.0	13.947
-325.0	13.944
-350.0	13.935
-375.0	13.928
-400.0	13.915
-425.0	13.912
-450.0	13.906
-475.0	13.898
-500.0	13.831
-550.0	13.815
-600.0	13.769
-650.0	13.708
-700.0	13.661
-750.0	13.594
-800.0	13.514
-850.0	13.600
-900.0	13.406
-950.0	13.367
-1000.0	13.326
-1050.0	13.314
-1100.0	13.284
-1150.0	13.234
-1200.0	13.211
-1250.0	13.265
-1300.0	13.219
-1350.0	13.157
-1400.0	13.152
-1450.0	13.191
-1500.0	13.139
-1550.0	13.074
-1600.0	13.047
-1650.0	13.061
-1700.0	13.064
-1750.0	13.065
-1800.0	13.055
-1850.0	13.032
-1900.0	13.025
-1950.0	13.007
-2000.0	12.911
-2100.0	12.888
-2200.0	12.876
-2300.0	12.865
-2400.0	12.856
-2500.0	12.838
-2600.0	12.837
-2700.0	12.829
-2800.0	12.825
-2900.0	12.835
-3000.0	12.813
-3100.0	12.834
-3200.0	12.836
-3300.0	12.819
-3400.0	12.817
-3500.0	12.795
-12000	12.795
2019-08-15 00:00:00	83	2
-0.0	26.229
-5.0	25.938
-10.0	25.490
-15.0	24.645
-20.0	23.165
-25.0	21.261
-30.0	19.561
-35.0	18.261
-40.0	17.289
-45.0	16.543
-50.0	15.914
-55.0	15.442
-60.0	15.082
-65.0	14.807
-70.0	14.589
-75.0	14.411
-80.0	14.285
-85.0	14.179
-90.0	14.089
-95.0	14.026
-100.0	13.967
-125.0	13.886
-150.0	13.896
-175.0	13.904
-200.0	13.929
-225.0	13.976
-250.0	13.967
-275.0	13.934
-300.0	13.938
-325.0	13.928
-350.0	13.924
-375.0	13.921
-400.0	13.914
-425.0	13.902
-450.0	13.887
-475.0	13.867
-500.0	13.860
-550.0	13.850
-600.0	13.812
-650.0	13.753
-700.0	13.672
-750.0	13.635
-800.0	13.550
-850.0	13.513
-900.0	13.454
-950.0	13.406
-1000.0	13.364
-1050.0	13.329
-1100.0	13.285
-1150.0	13.281
-1200.0	13.280
-1250.0	13.287
-1300.0	13.262
-1350.0	13.150
-1400.0	13.112
-1450.0	13.090
-1500.0	13.067
-1550.0	13.074
-1600.0	13.047
-1650.0	13.061
-1700.0	13.064
-1750.0	13.065
-1800.0	13.055
-1850.0	13.032
-1900.0	13.025
-1950.0	13.007
-2000.0	12.911
-2100.0	12.888
-2200.0	12.876
-2300.0	12.865
-2400.0	12.856
-2500.0	12.838
-2600.0	12.837
-2700.0	12.829
-2800.0	12.825
-2900.0	12.835
-3000.0	12.813
-3100.0	12.834
-3200.0	12.836
-3300.0	12.819
-3400.0	12.817
-3500.0	12.795
-12000	12.795
2019-09-15 00:00:00	83	2
-0.0	24.698
-5.0	24.583
-10.0	24.499
-15.0	24.368
-20.0	23.917
-25.0	22.598
-30.0	20.794
-35.0	19.036
-40.0	17.745
-45.0	16.823
-50.0	16.155
-55.0	15.607
-60.0	15.214
-65.0	14.916
-70.0	14.678
-75.0	14.483
-80.0	14.338
-85.0	14.223
-90.0	14.137
-95.0	14.074
-100.0	14.025
-125.0	13.900
-150.0	13.898
-175.0	13.927
-200.0	13.953
-225.0	13.962
-250.0	13.962
-275.0	13.973
-300.0	13.970
-325.0	13.970
-350.0	13.961
-375.0	13.948
-400.0	13.943
-425.0	13.932
-450.0	13.920
-475.0	13.902
-500.0	13.887
-550.0	13.827
-600.0	13.760
-650.0	13.744
-700.0	13.654
-750.0	13.608
-800.0	13.546
-850.0	13.485
-900.0	13.419
-950.0	13.357
-1000.0	13.338
-1050.0	13.289
-1100.0	13.248
-1150.0	13.232
-1200.0	13.219
-1250.0	13.221
-1300.0	13.221
-1350.0	13.172
-1400.0	13.150
-1450.0	13.142
-1500.0	13.088
-1550.0	13.074
-1600.0	13.047
-1650.0	13.061
-1700.0	13.064
-1750.0	13.065
-1800.0	13.055
-1850.0	13.032
-1900.0	13.025
-1950.0	13.007
-2000.0	12.911
-2100.0	12.888
-2200.0	12.876
-2300.0	12.865
-2400.0	12.856
-2500.0	12.838
-2600.0	12.837
-2700.0	12.829
-2800.0	12.825
-2900.0	12.835
-3000.0	12.813
-3100.0	12.834
-3200.0	12.836
-3300.0	12.819
-3400.0	12.817
-3500.0	12.795
-12000	12.795
2019-10-15 00:00:00	83	2
-0.0	22.398
-5.0	22.307
-10.0	22.270
-15.0	22.220
-20.0	22.124
-25.0	21.785
-30.0	20.959
-35.0	19.669
-40.0	18.245
-45.0	17.153
-50.0	16.322
-55.0	15.681
-60.0	15.270
-65.0	14.944
-70.0	14.691
-75.0	14.486
-80.0	14.326
-85.0	14.212
-90.0	14.132
-95.0	14.067
-100.0	14.014
-125.0	13.916
-150.0	13.923
-175.0	14.013
-200.0	14.062
-225.0	14.067
-250.0	14.048
-275.0	14.042
-300.0	14.018
-325.0	14.016
-350.0	14.005
-375.0	14.010
-400.0	13.994
-425.0	13.978
-450.0	13.962
-475.0	13.933
-500.0	13.901
-550.0	13.853
-600.0	13.797
-650.0	13.745
-700.0	13.696
-750.0	13.628
-800.0	13.538
-850.0	13.522
-900.0	13.446
-950.0	13.385
-1000.0	13.353
-1050.0	13.313
-1100.0	13.280
-1150.0	13.243
-1200.0	13.169
-1250.0	13.150
-1300.0	13.191
-1350.0	13.135
-1400.0	13.086
-1450.0	13.095
-1500.0	13.111
-1550.0	13.074
-1600.0	13.047
-1650.0	13.061
-1700.0	13.064
-1750.0	13.065
-1800.0	13.055
-1850.0	13.032
-1900.0	13.025
-1950.0	13.007
-2000.0	12.911
-2100.0	12.888
-2200.0	12.876
-2300.0	12.865
-2400.0	12.856
-2500.0	12.838
-2600.0	12.837
-2700.0	12.829
-2800.0	12.825
-2900.0	12.835
-3000.0	12.813
-3100.0	12.834
-3200.0	12.836
-3300.0	12.819
-3400.0	12.817
-3500.0	12.795
-12000	12.795
2019-11-15 00:00:00	83	2
-0.0	19.054
-5.0	19.024
-10.0	19.020
-15.0	19.007
-20.0	18.996
-25.0	18.974
-30.0	18.916
-35.0	18.747
-40.0	18.260
-45.0	17.567
-50.0	16.906
-55.0	16.107
-60.0	15.568
-65.0	15.186
-70.0	14.892
-75.0	14.650
-80.0	14.459
-85.0	14.319
-90.0	14.226
-95.0	14.150
-100.0	14.088
-125.0	13.946
-150.0	13.919
-175.0	13.973
-200.0	14.017
-225.0	14.040
-250.0	14.045
-275.0	14.014
-300.0	14.012
-325.0	14.002
-350.0	13.992
-375.0	13.989
-400.0	13.972
-425.0	13.975
-450.0	13.957
-475.0	13.954
-500.0	13.933
-550.0	13.885
-600.0	13.835
-650.0	13.778
-700.0	13.730
-750.0	13.667
-800.0	13.581
-850.0	13.550
-900.0	13.444
-950.0	13.373
-1000.0	13.324
-1050.0	13.316
-1100.0	13.288
-1150.0	13.279
-1200.0	13.286
-1250.0	13.289
-1300.0	13.269
-1350.0	13.204
-1400.0	13.182
-1450.0	13.169
-1500.0	13.129
-1550.0	13.074
-1600.0	13.047
-1650.0	13.061
-1700.0	13.064
-1750.0	13.065
-1800.0	13.055
-1850.0	13.032
-1900.0	13.025
-1950.0	13.007
-2000.0	12.911
-2100.0	12.888
-2200.0	12.876
-2300.0	12.865
-2400.0	12.856
-2500.0	12.838
-2600.0	12.837
-2700.0	12.829
-2800.0	12.825
-2900.0	12.835
-3000.0	12.813
-3100.0	12.834
-3200.0	12.836
-3300.0	12.819
-3400.0	12.817
-3500.0	12.795
-12000	12.795
2019-12-15 00:00:00	83	2
-0.0	16.558
-5.0	16.489
-10.0	16.495
-15.0	16.480
-20.0	16.476
-25.0	16.466
-30.0	16.456
-35.0	16.428
-40.0	16.382
-45.0	16.288
-50.0	16.138
-55.0	15.895
-60.0	15.586
-65.0	15.231
-70.0	14.936
-75.0	14.696
-80.0	14.491
-85.0	14.355
-90.0	14.261
-95.0	14.196
-100.0	14.137
-125.0	14.008
-150.0	14.033
-175.0	14.044
-200.0	14.063
-225.0	14.106
-250.0	14.111
-275.0	14.049
-300.0	14.046
-325.0	14.030
-350.0	14.017
-375.0	14.005
-400.0	13.992
-425.0	13.977
-450.0	13.961
-475.0	13.953
-500.0	13.936
-550.0	13.871
-600.0	13.808
-650.0	13.739
-700.0	13.675
-750.0	13.604
-800.0	13.536
-850.0	13.474
-900.0	13.409
-950.0	13.369
-1000.0	13.319
-1050.0	13.276
-1100.0	13.250
-1150.0	13.221
-1200.0	13.198
-1250.0	13.166
-1300.0	13.156
-1350.0	13.143
-1400.0	13.119
-1450.0	13.096
-1500.0	13.166
-1550.0	13.074
-1600.0	13.047
-1650.0	13.061
-1700.0	13.064
-1750.0	13.065
-1800.0	13.055
-1850.0	13.032
-1900.0	13.025
-1950.0	13.007
-2000.0	12.911
-2100.0	12.888
-2200.0	12.876
-2300.0	12.865
-2400.0	12.856
-2500.0	12.838
-2600.0	12.837
-2700.0	12.829
-2800.0	12.825
-2900.0	12.835
-3000.0	12.813
-3100.0	12.834
-3200.0	12.836
-3300.0	12.819
-3400.0	12.817
-3500.0	12.795
-12000	12.795
2020-01-15 00:00:00	83	2
-0.0	14.742
-5.0	14.683
-10.0	14.681
-15.0	14.687
-20.0	14.691
-25.0	14.691
-30.0	14.687
-35.0	14.682
-40.0	14.674
-45.0	14.667
-50.0	14.656
-55.0	14.646
-60.0	14.622
-65.0	14.572
-70.0	14.535
-75.0	14.486
-80.0	14.421
-85.0	14.361
-90.0	14.302
-95.0	14.254
-100.0	14.208
-125.0	14.060
-150.0	14.036
-175.0	14.035
-200.0	14.028
-225.0	14.104
-250.0	14.031
-275.0	14.024
-300.0	14.022
-325.0	14.019
-350.0	14.009
-375.0	14.000
-400.0	13.980
-425.0	13.961
-450.0	13.961
-475.0	13.935
-500.0	13.875
-550.0	13.800
-600.0	13.729
-650.0	13.700
-700.0	13.684
-750.0	13.579
-800.0	13.554
-850.0	13.545
-900.0	13.368
-950.0	13.355
-1000.0	13.304
-1050.0	13.290
-1100.0	13.304
-1150.0	13.216
-1200.0	13.191
-1250.0	13.192
-1300.0	13.213
-1350.0	13.180
-1400.0	13.174
-1450.0	13.238
-1500.0	13.153
-1550.0	13.074
-1600.0	13.047
-1650.0	13.061
-1700.0	13.064
-1750.0	13.065
-1800.0	13.055
-1850.0	13.032
-1900.0	13.025
-1950.0	13.007
-2000.0	12.911
-2100.0	12.888
-2200.0	12.876
-2300.0	12.865
-2400.0	12.856
-2500.0	12.838
-2600.0	12.837
-2700.0	12.829
-2800.0	12.825
-2900.0	12.835
-3000.0	12.813
-3100.0	12.834
-3200.0	12.836
-3300.0	12.819
-3400.0	12.817
-3500.0	12.795
-12000	12.795
